0 0.287891 0.099306 0.036719 0.068056
0 0.252734 0.100694 0.032031 0.045833
0 0.232031 0.199306 0.023438 0.054167
0 0.228125 0.285417 0.035937 0.045833
0 0.293359 0.259722 0.035156 0.061111
0 0.325781 0.294444 0.031250 0.058333
0 0.352734 0.306250 0.025781 0.054167
0 0.347266 0.368750 0.017969 0.048611
0 0.314453 0.465278 0.025781 0.047222
0 0.369531 0.525694 0.034375 0.062500
0 0.331641 0.546528 0.035156 0.065278
0 0.289062 0.565278 0.039062 0.063889
0 0.574219 0.785417 0.042188 0.062500
0 0.458594 0.677778 0.043750 0.072222
0 0.797656 0.775694 0.032813 0.045833
0 0.760938 0.493056 0.075000 0.127778
0 0.794922 0.550694 0.035156 0.087500
0 0.632031 0.541667 0.085938 0.111111
0 0.696094 0.528472 0.028125 0.079167
0 0.580859 0.344444 0.024219 0.025000
0 0.633203 0.309028 0.013281 0.026389
0 0.526172 0.166667 0.016406 0.044444
0 0.539453 0.243056 0.025781 0.041667
0 0.553906 0.289583 0.012500 0.020833
0 0.491797 0.392361 0.021094 0.043056
0 0.539844 0.436806 0.023438 0.051389
0 0.626563 0.365278 0.009375 0.022222
0 0.459766 0.480556 0.036719 0.080556
0 0.526953 0.502083 0.044531 0.076389
0 0.550000 0.015278 0.043750 0.027778
0 0.234766 0.454861 0.039844 0.065278
0 0.183203 0.327083 0.035156 0.054167
0 0.182031 0.497222 0.039062 0.061111
0 0.185547 0.546528 0.041406 0.040278
0 0.116797 0.517361 0.036719 0.056944
0 0.103906 0.428472 0.028125 0.051389
0 0.082422 0.340972 0.028906 0.043056
0 0.061328 0.222917 0.035156 0.051389
0 0.033203 0.327778 0.032031 0.050000
0 0.058203 0.397917 0.024219 0.051389
0 0.065234 0.492361 0.025781 0.048611
0 0.077344 0.530556 0.025000 0.038889
0 0.034375 0.553472 0.031250 0.054167
0 0.003906 0.482639 0.006250 0.045833
0 0.845703 0.610417 0.035156 0.048611
0 0.921094 0.555556 0.029687 0.050000
0 0.902344 0.440972 0.037500 0.062500
0 0.985547 0.484028 0.028906 0.062500
0 0.984766 0.428472 0.030469 0.029167
0 0.921484 0.275000 0.038281 0.058333
0 0.938672 0.173611 0.038281 0.069444
0 0.992188 0.190972 0.015625 0.062500
0 0.932813 0.103472 0.025000 0.040278
0 0.858594 0.208333 0.014063 0.022222
0 0.907422 0.229167 0.017969 0.019444
