0 0.925391 0.474306 0.082031 0.134722
0 0.642578 0.709028 0.064844 0.112500
0 0.656641 0.204861 0.022656 0.037500
0 0.794531 0.243056 0.060937 0.116667
0 0.633984 0.027778 0.064844 0.052778
0 0.753125 0.018750 0.057813 0.034722
0 0.982422 0.112500 0.035156 0.125000
0 0.831250 0.638194 0.045312 0.104167
0 0.875391 0.599306 0.060156 0.101389
0 0.835938 0.364583 0.068750 0.120833
0 0.788281 0.827778 0.060937 0.108333
0 0.760156 0.545139 0.032813 0.081944
0 0.572266 0.759028 0.078906 0.140278
0 0.447656 0.609028 0.071875 0.129167
0 0.590625 0.556944 0.014063 0.022222
0 0.726953 0.657639 0.061719 0.095833
0 0.525000 0.459028 0.053125 0.076389
0 0.664062 0.292361 0.021875 0.076389
0 0.787500 0.115278 0.046875 0.116667
0 0.564063 0.019444 0.026562 0.036111
0 0.949609 0.604167 0.019531 0.030556
0 0.851172 0.688889 0.053906 0.083333
0 0.691797 0.704167 0.038281 0.075000
0 0.744531 0.706250 0.045312 0.040278
0 0.494141 0.751389 0.000781 0.002778
0 0.464453 0.552083 0.036719 0.037500
