0 0.136719 0.161111 0.043750 0.077778
0 0.084375 0.298611 0.048438 0.072222
0 0.162891 0.336806 0.044531 0.081944
0 0.096094 0.435417 0.037500 0.051389
0 0.118750 0.406944 0.018750 0.019444
0 0.178125 0.472917 0.042188 0.073611
0 0.102734 0.570139 0.041406 0.070833
0 0.014453 0.508333 0.027344 0.094444
0 0.091797 0.644444 0.038281 0.058333
0 0.045703 0.656250 0.047656 0.079167
0 0.136719 0.502083 0.014063 0.018056
0 0.301563 0.205556 0.023438 0.058333
0 0.328906 0.290278 0.032813 0.063889
0 0.334375 0.374306 0.028125 0.037500
0 0.249219 0.479167 0.035937 0.055556
0 0.283984 0.538194 0.013281 0.026389
0 0.323047 0.544444 0.032031 0.061111
0 0.299219 0.575000 0.020313 0.044444
0 0.300000 0.654167 0.020313 0.041667
0 0.369922 0.597917 0.035156 0.056944
0 0.396094 0.568750 0.032813 0.065278
0 0.444141 0.518750 0.035156 0.062500
0 0.453906 0.455556 0.014063 0.025000
0 0.464844 0.573611 0.014063 0.050000
0 0.583594 0.154167 0.023438 0.047222
0 0.583984 0.271528 0.033594 0.068056
0 0.625000 0.293056 0.017188 0.030556
0 0.642578 0.410417 0.038281 0.076389
0 0.582812 0.445139 0.034375 0.070833
0 0.601172 0.480556 0.025781 0.041667
0 0.704297 0.486111 0.038281 0.069444
0 0.531641 0.445139 0.017969 0.026389
0 0.522656 0.558333 0.020313 0.036111
0 0.601172 0.665972 0.032031 0.059722
0 0.769141 0.700694 0.035156 0.051389
0 0.830859 0.656944 0.022656 0.044444
0 0.809766 0.522222 0.019531 0.030556
0 0.952344 0.568750 0.042188 0.073611
0 0.917188 0.679861 0.046875 0.076389
0 0.974609 0.731250 0.046094 0.073611
