0 0.085156 0.290278 0.042188 0.063889
0 0.105078 0.315278 0.021094 0.036111
0 0.037109 0.400694 0.039844 0.059722
0 0.092188 0.429861 0.039062 0.059722
0 0.112109 0.495139 0.010156 0.020833
0 0.099219 0.541667 0.034375 0.063889
0 0.054688 0.520139 0.015625 0.029167
0 0.043750 0.613889 0.037500 0.055556
0 0.055078 0.681250 0.036719 0.040278
0 0.005859 0.680556 0.010156 0.052778
0 0.466406 0.265972 0.043750 0.079167
0 0.492969 0.405556 0.034375 0.069444
0 0.253516 0.323611 0.014844 0.044444
0 0.259766 0.394444 0.030469 0.052778
0 0.283594 0.463194 0.021875 0.029167
0 0.187891 0.550694 0.030469 0.051389
0 0.240625 0.610417 0.029687 0.051389
0 0.278125 0.635417 0.031250 0.065278
0 0.262109 0.659028 0.028906 0.048611
0 0.242188 0.657639 0.014063 0.018056
0 0.244531 0.724306 0.015625 0.018056
0 0.326562 0.586111 0.031250 0.052778
0 0.362891 0.617361 0.044531 0.068056
0 0.359375 0.663889 0.007812 0.013889
0 0.477344 0.605556 0.039062 0.072222
0 0.327734 0.740278 0.044531 0.072222
0 0.376172 0.782639 0.039844 0.076389
0 0.526563 0.237500 0.037500 0.038889
0 0.544922 0.296528 0.044531 0.081944
0 0.498828 0.367361 0.013281 0.020833
0 0.545312 0.391667 0.014063 0.019444
0 0.574219 0.520139 0.042188 0.081944
0 0.549219 0.677778 0.034375 0.033333
0 0.572266 0.636111 0.042969 0.080556
0 0.595313 0.629167 0.021875 0.069444
0 0.641797 0.601389 0.036719 0.066667
0 0.637891 0.675694 0.035156 0.062500
0 0.553906 0.777778 0.035937 0.061111
