0 0.733984 0.512500 0.017969 0.033333
0 0.992188 0.502083 0.015625 0.037500
0 0.815234 0.647917 0.017969 0.029167
0 0.692969 0.444444 0.009375 0.016667
0 0.974609 0.563889 0.019531 0.033333
0 0.933984 0.675694 0.022656 0.037500
0 0.945312 0.761806 0.023438 0.037500
0 0.970313 0.666667 0.018750 0.036111
0 0.712891 0.545139 0.019531 0.037500
0 0.966016 0.468056 0.019531 0.025000
0 0.799609 0.677778 0.022656 0.038889
0 0.696094 0.634028 0.018750 0.040278
0 0.688281 0.668056 0.025000 0.052778
0 0.717969 0.615972 0.015625 0.037500
0 0.738672 0.656250 0.022656 0.037500
0 0.773438 0.686111 0.020313 0.041667
0 0.685937 0.529861 0.012500 0.034722
0 0.680469 0.633333 0.012500 0.022222
0 0.566016 0.493750 0.025781 0.051389
0 0.590625 0.491667 0.007812 0.027778
0 0.686719 0.725694 0.009375 0.015278
0 0.674219 0.717361 0.017188 0.026389
0 0.676953 0.608333 0.013281 0.022222
0 0.532813 0.415278 0.021875 0.030556
0 0.582031 0.438889 0.025000 0.052778
0 0.651172 0.438889 0.032031 0.052778
0 0.626563 0.338889 0.029687 0.036111
0 0.646094 0.410417 0.009375 0.012500
0 0.618750 0.379167 0.029687 0.052778
0 0.546094 0.377778 0.025000 0.047222
0 0.526172 0.544444 0.022656 0.038889
0 0.528906 0.615278 0.029687 0.052778
0 0.574219 0.544444 0.014063 0.033333
0 0.590625 0.659028 0.029687 0.056944
0 0.549609 0.703472 0.028906 0.051389
0 0.510547 0.635417 0.024219 0.045833
0 0.600391 0.579167 0.007031 0.022222
0 0.412891 0.629167 0.022656 0.047222
0 0.645312 0.564583 0.028125 0.056944
0 0.632031 0.622917 0.021875 0.043056
0 0.386719 0.422917 0.028125 0.048611
0 0.353906 0.543750 0.026562 0.048611
0 0.379688 0.311111 0.025000 0.047222
0 0.318359 0.302083 0.024219 0.037500
0 0.289062 0.447917 0.020313 0.045833
0 0.339453 0.595139 0.008594 0.023611
0 0.304297 0.366667 0.024219 0.044444
0 0.325391 0.427083 0.028906 0.037500
0 0.424609 0.631944 0.011719 0.033333
0 0.317188 0.569444 0.028125 0.050000
0 0.223828 0.511806 0.038281 0.065278
0 0.233594 0.748611 0.035937 0.052778
0 0.379688 0.639583 0.028125 0.054167
0 0.296484 0.699306 0.035156 0.043056
0 0.285938 0.616667 0.020313 0.033333
0 0.023438 0.733333 0.045312 0.077778
0 0.084766 0.473611 0.055469 0.069444
0 0.099609 0.417361 0.061719 0.084722
0 0.197266 0.412500 0.050781 0.094444
0 0.062109 0.040278 0.046094 0.077778
0 0.919141 0.741667 0.024219 0.041667
0 0.073047 0.192361 0.058594 0.087500
0 0.190234 0.602083 0.019531 0.023611
0 0.146875 0.540278 0.031250 0.044444
