0 0.172656 0.743056 0.053125 0.075000
0 0.287891 0.631944 0.047656 0.077778
0 0.292969 0.528472 0.045312 0.079167
0 0.202344 0.520139 0.045312 0.084722
0 0.137109 0.509722 0.058594 0.077778
0 0.137891 0.417361 0.066406 0.104167
0 0.061719 0.468056 0.046875 0.083333
0 0.145313 0.287500 0.062500 0.094444
0 0.197656 0.350694 0.037500 0.068056
0 0.253906 0.241667 0.031250 0.044444
0 0.161719 0.113889 0.051562 0.094444
0 0.074219 0.072917 0.056250 0.081944
0 0.437109 0.624306 0.021094 0.034722
0 0.478516 0.596528 0.024219 0.045833
0 0.506250 0.574306 0.020313 0.031944
0 0.491797 0.631250 0.025781 0.043056
0 0.439063 0.661806 0.007812 0.020833
0 0.456641 0.658333 0.019531 0.041667
0 0.458984 0.712500 0.021094 0.038889
0 0.493359 0.738194 0.025781 0.048611
0 0.392969 0.787500 0.026562 0.050000
0 0.438672 0.814583 0.025781 0.051389
0 0.555859 0.840278 0.022656 0.050000
0 0.579688 0.835417 0.014063 0.040278
0 0.460547 0.865972 0.019531 0.034722
0 0.395313 0.827083 0.026562 0.034722
0 0.430859 0.884722 0.025781 0.044444
0 0.612109 0.848611 0.019531 0.044444
0 0.663281 0.938194 0.026562 0.037500
0 0.612891 0.775000 0.016406 0.038889
0 0.639453 0.808333 0.021094 0.033333
0 0.633594 0.759028 0.012500 0.012500
0 0.737500 0.725000 0.014063 0.052778
0 0.712891 0.790278 0.011719 0.036111
0 0.732812 0.809028 0.014063 0.026389
0 0.712500 0.831944 0.010937 0.022222
0 0.692187 0.641667 0.043750 0.075000
0 0.589063 0.715278 0.012500 0.019444
0 0.660547 0.647222 0.025781 0.041667
0 0.592187 0.659028 0.039062 0.068056
0 0.654297 0.582639 0.019531 0.037500
0 0.649609 0.609722 0.013281 0.025000
0 0.798047 0.681250 0.033594 0.056944
0 0.849219 0.775694 0.045312 0.045833
0 0.846875 0.634028 0.051562 0.081944
0 0.907813 0.602778 0.053125 0.088889
0 0.937109 0.635417 0.039844 0.079167
0 0.994141 0.583333 0.011719 0.050000
0 0.975781 0.775694 0.029687 0.040278
0 0.779297 0.500694 0.046094 0.081944
0 0.811719 0.646528 0.015625 0.034722
0 0.826562 0.535417 0.032813 0.045833
0 0.716406 0.535417 0.048438 0.079167
0 0.819922 0.463889 0.022656 0.050000
0 0.678125 0.446528 0.032813 0.054167
0 0.733203 0.401389 0.035156 0.044444
0 0.708594 0.395833 0.032813 0.052778
0 0.715625 0.319444 0.018750 0.036111
0 0.821094 0.358333 0.045312 0.077778
0 0.792578 0.250000 0.041406 0.066667
