0 0.558984 0.125000 0.030469 0.044444
0 0.522266 0.195139 0.035156 0.070833
0 0.591406 0.209722 0.035937 0.069444
0 0.571484 0.263889 0.014844 0.030556
0 0.542188 0.291667 0.032813 0.055556
0 0.660937 0.415278 0.026562 0.055556
0 0.655859 0.475694 0.030469 0.048611
0 0.626953 0.410417 0.024219 0.065278
0 0.629297 0.498611 0.030469 0.063889
0 0.636328 0.468750 0.011719 0.020833
0 0.597656 0.514583 0.023438 0.023611
0 0.595703 0.568056 0.024219 0.047222
0 0.536719 0.455556 0.029687 0.058333
0 0.448047 0.493750 0.032031 0.059722
0 0.427344 0.588889 0.031250 0.055556
0 0.470313 0.614583 0.031250 0.062500
0 0.403516 0.352778 0.016406 0.027778
0 0.265234 0.250000 0.024219 0.050000
0 0.303125 0.293056 0.007812 0.027778
0 0.372656 0.379167 0.015625 0.036111
0 0.363672 0.459722 0.025781 0.047222
0 0.315625 0.431944 0.026562 0.050000
0 0.267969 0.434722 0.025000 0.033333
0 0.282031 0.480556 0.025000 0.058333
0 0.296094 0.554167 0.023438 0.044444
0 0.322656 0.717361 0.043750 0.087500
0 0.261328 0.784722 0.050781 0.063889
0 0.146875 0.537500 0.026562 0.058333
0 0.141797 0.329861 0.016406 0.073611
0 0.106641 0.581944 0.066406 0.091667
0 0.025391 0.313889 0.028906 0.052778
0 0.034766 0.364583 0.017969 0.029167
0 0.047656 0.215278 0.012500 0.038889
0 0.023828 0.800000 0.046094 0.080556
