0 0.405859 0.184028 0.028906 0.056944
0 0.438281 0.205556 0.025000 0.058333
0 0.508594 0.206944 0.020313 0.050000
0 0.360547 0.304861 0.030469 0.051389
0 0.343359 0.390972 0.027344 0.051389
0 0.427344 0.337500 0.007812 0.019444
0 0.447266 0.380556 0.017969 0.041667
0 0.490625 0.323611 0.026562 0.052778
0 0.531250 0.328472 0.021875 0.048611
0 0.536719 0.409028 0.020313 0.034722
0 0.384766 0.429167 0.027344 0.047222
0 0.507422 0.493056 0.025781 0.050000
0 0.498437 0.468056 0.010937 0.016667
0 0.489844 0.562500 0.025000 0.030556
0 0.423828 0.515972 0.030469 0.056944
0 0.388281 0.560417 0.017188 0.051389
0 0.522656 0.693056 0.015625 0.019444
0 0.448047 0.735417 0.041406 0.081944
0 0.501563 0.804861 0.048438 0.090278
0 0.622266 0.777083 0.046094 0.081944
0 0.698438 0.738889 0.050000 0.091667
0 0.727344 0.649306 0.050000 0.084722
0 0.746094 0.747222 0.039062 0.061111
0 0.786328 0.702778 0.025781 0.066667
0 0.569922 0.295833 0.041406 0.077778
0 0.576172 0.164583 0.039844 0.084722
0 0.611719 0.163194 0.017188 0.043056
0 0.625391 0.143056 0.021094 0.044444
0 0.703516 0.176389 0.044531 0.086111
0 0.630859 0.272222 0.021094 0.022222
0 0.732422 0.381944 0.038281 0.075000
0 0.651172 0.371528 0.022656 0.026389
0 0.644531 0.436111 0.043750 0.080556
0 0.599219 0.504861 0.046875 0.084722
0 0.678906 0.424306 0.014063 0.037500
0 0.720313 0.475694 0.017188 0.029167
0 0.748047 0.462500 0.025781 0.038889
0 0.769531 0.410417 0.025000 0.043056
0 0.612891 0.373611 0.014844 0.050000
0 0.796484 0.415972 0.028906 0.051389
0 0.811719 0.335417 0.015625 0.040278
0 0.832422 0.279167 0.036719 0.061111
0 0.876953 0.254861 0.042969 0.068056
0 0.882812 0.121528 0.025000 0.056944
0 0.882031 0.218056 0.015625 0.011111
0 0.882031 0.391667 0.034375 0.061111
0 0.894922 0.365278 0.014844 0.033333
0 0.849609 0.481250 0.024219 0.029167
0 0.797656 0.524306 0.032813 0.048611
0 0.837109 0.618750 0.032031 0.062500
0 0.890234 0.626389 0.044531 0.063889
0 0.869141 0.670139 0.036719 0.051389
0 0.833984 0.562500 0.019531 0.038889
0 0.885156 0.518056 0.010937 0.025000
0 0.962500 0.664583 0.043750 0.070833
0 0.981250 0.175000 0.035937 0.061111
0 0.992188 0.280556 0.015625 0.063889
0 0.929297 0.340278 0.041406 0.066667
0 0.956250 0.367361 0.023438 0.040278
0 0.973047 0.385417 0.017969 0.020833
0 0.976172 0.491667 0.027344 0.036111
