0 0.965625 0.510417 0.034375 0.051389
0 0.798438 0.513889 0.037500 0.063889
0 0.966406 0.396528 0.020313 0.054167
0 0.796094 0.431250 0.042188 0.081944
0 0.740625 0.484028 0.035937 0.073611
0 0.708203 0.524306 0.035156 0.062500
0 0.609766 0.493056 0.021094 0.027778
0 0.655859 0.479861 0.030469 0.062500
0 0.572656 0.433333 0.021875 0.047222
0 0.625000 0.612500 0.021875 0.050000
0 0.587500 0.421528 0.035937 0.065278
0 0.624219 0.163194 0.029687 0.051389
0 0.654687 0.231250 0.031250 0.056944
0 0.626172 0.531250 0.022656 0.043056
0 0.392578 0.134722 0.027344 0.052778
0 0.621875 0.227778 0.018750 0.036111
0 0.335547 0.286111 0.028906 0.047222
0 0.377734 0.207639 0.030469 0.051389
0 0.650000 0.326389 0.029687 0.044444
0 0.351172 0.415972 0.036719 0.059722
0 0.401172 0.386806 0.035156 0.068056
0 0.443359 0.506250 0.033594 0.059722
0 0.333594 0.480556 0.029687 0.047222
0 0.448047 0.111111 0.030469 0.058333
0 0.455859 0.240278 0.032031 0.058333
0 0.245312 0.464583 0.031250 0.059722
0 0.167187 0.206250 0.031250 0.054167
0 0.383203 0.258333 0.030469 0.038889
0 0.514062 0.496528 0.023438 0.051389
0 0.454688 0.304861 0.028125 0.051389
0 0.453516 0.578472 0.021094 0.026389
0 0.466797 0.341667 0.016406 0.050000
0 0.194141 0.430556 0.028906 0.055556
0 0.060937 0.058333 0.028125 0.044444
0 0.182422 0.330556 0.035156 0.058333
0 0.058203 0.150000 0.030469 0.036111
0 0.014063 0.184722 0.026562 0.072222
0 0.004687 0.259722 0.007812 0.041667
0 0.485156 0.490972 0.032813 0.062500
0 0.128906 0.308333 0.034375 0.055556
0 0.125391 0.393056 0.042969 0.072222
0 0.037500 0.412500 0.046875 0.075000
0 0.129297 0.477778 0.042969 0.061111
0 0.139844 0.505556 0.029687 0.041667
0 0.163672 0.501389 0.017969 0.019444
0 0.130078 0.570139 0.027344 0.043056
0 0.100391 0.560417 0.035156 0.045833
0 0.030469 0.583333 0.043750 0.061111
