0 0.791797 0.158333 0.022656 0.052778
0 0.794141 0.277778 0.039844 0.061111
0 0.836328 0.293056 0.019531 0.033333
0 0.796875 0.450694 0.042188 0.076389
0 0.815625 0.488889 0.029687 0.044444
0 0.862109 0.421528 0.046094 0.081944
0 0.932031 0.489583 0.042188 0.076389
0 0.735938 0.459722 0.017188 0.033333
0 0.728516 0.568750 0.022656 0.037500
0 0.813672 0.677778 0.033594 0.061111
0 0.510938 0.240972 0.018750 0.059722
0 0.537500 0.317361 0.028125 0.056944
0 0.539062 0.394444 0.023438 0.033333
0 0.653516 0.471528 0.011719 0.023611
0 0.648828 0.525000 0.035156 0.063889
0 0.662891 0.584028 0.019531 0.056944
0 0.601953 0.575000 0.035156 0.066667
0 0.577734 0.598611 0.032031 0.058333
0 0.536719 0.550000 0.028125 0.061111
0 0.472656 0.493056 0.025000 0.055556
0 0.458984 0.496528 0.011719 0.048611
0 0.511719 0.580556 0.020313 0.041667
0 0.512500 0.653472 0.020313 0.045833
0 0.266016 0.172222 0.033594 0.047222
0 0.381641 0.221528 0.035156 0.062500
0 0.343750 0.343750 0.039062 0.065278
0 0.403125 0.370833 0.035937 0.066667
0 0.417969 0.487500 0.032813 0.063889
0 0.357422 0.573611 0.032031 0.061111
0 0.348438 0.458333 0.025000 0.052778
0 0.365625 0.431944 0.014063 0.019444
0 0.376953 0.514583 0.016406 0.018056
0 0.285547 0.522917 0.044531 0.073611
0 0.346484 0.630556 0.025781 0.050000
0 0.317188 0.645833 0.039062 0.061111
0 0.221484 0.455556 0.025781 0.058333
0 0.197656 0.296528 0.035937 0.054167
0 0.177344 0.397222 0.029687 0.063889
0 0.169531 0.508333 0.043750 0.069444
0 0.194922 0.618056 0.024219 0.033333
0 0.030469 0.316667 0.037500 0.066667
0 0.021484 0.402778 0.028906 0.063889
0 0.033594 0.560417 0.053125 0.079167
0 0.007422 0.277083 0.011719 0.059722
