0 0.835547 0.413194 0.014844 0.031944
0 0.890625 0.356944 0.015625 0.038889
0 0.849609 0.492361 0.035156 0.065278
0 0.717578 0.368750 0.032031 0.045833
0 0.895312 0.416667 0.034375 0.063889
0 0.753516 0.543056 0.008594 0.016667
0 0.698828 0.483333 0.038281 0.063889
0 0.793750 0.544444 0.040625 0.072222
0 0.543359 0.380556 0.024219 0.044444
0 0.769141 0.649306 0.011719 0.020833
0 0.712891 0.593056 0.017969 0.033333
0 0.667578 0.556250 0.035156 0.059722
0 0.544141 0.463889 0.022656 0.044444
0 0.690234 0.600694 0.033594 0.059722
0 0.493750 0.452778 0.017188 0.027778
0 0.505078 0.400694 0.014844 0.029167
0 0.503125 0.563889 0.023438 0.041667
0 0.550781 0.516667 0.017188 0.038889
0 0.585547 0.647222 0.021094 0.041667
0 0.558984 0.550000 0.016406 0.036111
0 0.544922 0.717361 0.017969 0.023611
0 0.562500 0.636806 0.025000 0.048611
0 0.473828 0.385417 0.017969 0.018056
0 0.455469 0.506944 0.009375 0.036111
0 0.494922 0.475000 0.017969 0.013889
0 0.529687 0.646528 0.023438 0.045833
0 0.467187 0.431944 0.014063 0.016667
0 0.467187 0.586111 0.026562 0.050000
0 0.453906 0.638889 0.025000 0.047222
0 0.399219 0.629861 0.023438 0.031944
0 0.424219 0.590278 0.043750 0.072222
0 0.223828 0.552778 0.044531 0.075000
0 0.338672 0.382639 0.017969 0.018056
0 0.128906 0.379861 0.028125 0.020833
0 0.230078 0.241667 0.050781 0.086111
0 0.258984 0.563889 0.022656 0.038889
0 0.007812 0.624306 0.014063 0.037500
0 0.025781 0.643750 0.017188 0.029167
0 0.148438 0.300000 0.010937 0.016667
0 0.059766 0.611806 0.038281 0.054167
0 0.057813 0.402778 0.026562 0.041667
0 0.278125 0.106250 0.056250 0.095833
0 0.364063 0.372222 0.010937 0.027778
0 0.356250 0.270139 0.046875 0.090278
0 0.294141 0.175000 0.014844 0.030556
0 0.189844 0.556944 0.028125 0.055556
0 0.230078 0.040972 0.038281 0.079167
0 0.206641 0.152778 0.055469 0.094444
0 0.192188 0.252083 0.015625 0.040278
0 0.112500 0.256944 0.029687 0.036111
0 0.112891 0.301389 0.035156 0.052778
0 0.103906 0.349306 0.014063 0.023611
0 0.107031 0.432639 0.031250 0.054167
0 0.024609 0.522917 0.038281 0.062500
0 0.005469 0.503472 0.007812 0.054167
0 0.126953 0.598611 0.032031 0.044444
