0 0.169922 0.063889 0.077344 0.125000
0 0.107031 0.307639 0.067187 0.148611
0 0.264062 0.032639 0.073438 0.062500
0 0.171484 0.218056 0.072656 0.130556
0 0.411328 0.242361 0.072656 0.131944
0 0.949219 0.093056 0.068750 0.100000
0 0.975000 0.234028 0.048438 0.112500
0 0.228906 0.355556 0.065625 0.119444
0 0.148438 0.495833 0.093750 0.136111
0 0.130469 0.820833 0.084375 0.147222
0 0.351172 0.675000 0.099219 0.163889
0 0.614844 0.910417 0.015625 0.051389
0 0.486719 0.766667 0.025000 0.072222
0 0.192578 0.646528 0.111719 0.151389
0 0.219531 0.786111 0.078125 0.102778
0 0.071484 0.869444 0.042969 0.075000
0 0.228906 0.892361 0.085938 0.104167
0 0.444531 0.793056 0.076563 0.136111
0 0.544922 0.861806 0.074219 0.131944
0 0.618750 0.772917 0.070312 0.120833
0 0.605078 0.611806 0.053906 0.084722
0 0.794922 0.934028 0.082031 0.131944
0 0.729297 0.800694 0.036719 0.062500
0 0.732031 0.622222 0.075000 0.127778
0 0.894531 0.688194 0.025000 0.031944
0 0.955859 0.754167 0.083594 0.136111
0 0.739062 0.477778 0.087500 0.150000
0 0.762109 0.277083 0.072656 0.120833
0 0.806641 0.164583 0.063281 0.106944
0 0.730469 0.102083 0.057813 0.084722
0 0.792188 0.585417 0.028125 0.048611
0 0.960547 0.931250 0.050781 0.059722
0 0.991797 0.157639 0.016406 0.051389
0 0.212891 0.194444 0.028906 0.094444
0 0.269531 0.381250 0.050000 0.109722
0 0.146094 0.900000 0.053125 0.058333
0 0.187500 0.863889 0.034375 0.088889
0 0.642188 0.586806 0.035937 0.059722
0 0.791797 0.460417 0.035156 0.098611
0 0.827344 0.425000 0.035937 0.047222
0 0.893750 0.444444 0.032813 0.036111
0 0.635156 0.297917 0.029687 0.051389
