0 0.713281 0.193750 0.014063 0.045833
0 0.727344 0.256944 0.032813 0.055556
0 0.751563 0.341667 0.023438 0.036111
0 0.823047 0.438194 0.038281 0.068056
0 0.868359 0.509028 0.033594 0.062500
0 0.888281 0.404861 0.018750 0.026389
0 0.763672 0.490972 0.038281 0.065278
0 0.749219 0.534028 0.035937 0.048611
0 0.726172 0.626389 0.019531 0.025000
0 0.721094 0.538889 0.023438 0.047222
0 0.716406 0.490278 0.026562 0.058333
0 0.659375 0.443056 0.025000 0.047222
0 0.671484 0.466667 0.014844 0.016667
0 0.602734 0.509722 0.028906 0.047222
0 0.572656 0.509028 0.028125 0.054167
0 0.538672 0.522917 0.027344 0.051389
0 0.568750 0.581944 0.015625 0.016667
0 0.589063 0.432639 0.014063 0.043056
0 0.594922 0.374306 0.021094 0.043056
0 0.576953 0.350000 0.021094 0.044444
0 0.557031 0.300000 0.023438 0.047222
0 0.559375 0.194444 0.023438 0.050000
0 0.529297 0.215972 0.021094 0.034722
0 0.514453 0.283333 0.019531 0.038889
0 0.507031 0.327083 0.023438 0.029167
0 0.505859 0.430556 0.025781 0.047222
0 0.475000 0.357639 0.023438 0.037500
0 0.466797 0.459722 0.027344 0.050000
0 0.464453 0.509028 0.027344 0.043056
0 0.414062 0.498611 0.020313 0.041667
0 0.396484 0.473611 0.019531 0.041667
0 0.388672 0.402778 0.021094 0.041667
0 0.380469 0.311111 0.017188 0.036111
0 0.313281 0.292361 0.020313 0.034722
0 0.354687 0.388194 0.020313 0.034722
0 0.366797 0.470139 0.011719 0.029167
0 0.363672 0.528472 0.021094 0.034722
0 0.367969 0.579861 0.018750 0.031944
0 0.335547 0.571528 0.022656 0.037500
0 0.332422 0.518750 0.027344 0.045833
0 0.325391 0.459028 0.025781 0.048611
0 0.289844 0.458333 0.007812 0.022222
0 0.280469 0.370833 0.021875 0.036111
0 0.266797 0.426389 0.014844 0.030556
0 0.267188 0.479167 0.025000 0.050000
0 0.273438 0.589583 0.025000 0.043056
0 0.264453 0.329861 0.021094 0.045833
0 0.254297 0.301389 0.014844 0.016667
0 0.284375 0.251389 0.023438 0.050000
0 0.237109 0.208333 0.024219 0.030556
0 0.210156 0.245139 0.031250 0.054167
0 0.158984 0.233333 0.032031 0.052778
0 0.207422 0.398611 0.032031 0.055556
0 0.214453 0.469444 0.032031 0.055556
0 0.230469 0.500000 0.025000 0.041667
0 0.185156 0.462500 0.014063 0.030556
0 0.173047 0.500694 0.030469 0.068056
0 0.122656 0.421528 0.048438 0.073611
0 0.142578 0.365278 0.013281 0.027778
0 0.116797 0.092361 0.042969 0.059722
0 0.048828 0.245139 0.014844 0.043056
0 0.099219 0.558333 0.029687 0.047222
0 0.123047 0.587500 0.027344 0.044444
0 0.034766 0.027083 0.038281 0.048611
0 0.009766 0.445139 0.017969 0.084722
