0 0.208203 0.282639 0.053906 0.093056
0 0.173828 0.074306 0.028906 0.090278
0 0.153125 0.447917 0.048438 0.079167
0 0.212891 0.473611 0.027344 0.025000
0 0.248438 0.538889 0.042188 0.061111
0 0.320312 0.434722 0.051562 0.100000
0 0.339453 0.572222 0.028906 0.055556
0 0.368750 0.596528 0.031250 0.054167
0 0.394922 0.529167 0.021094 0.036111
0 0.406250 0.050694 0.040625 0.068056
0 0.413281 0.215278 0.025000 0.050000
0 0.463281 0.227778 0.031250 0.061111
0 0.478906 0.192361 0.029687 0.040278
0 0.529687 0.225000 0.020313 0.027778
0 0.529687 0.282639 0.021875 0.031944
0 0.498047 0.320139 0.027344 0.045833
0 0.492188 0.367361 0.017188 0.040278
0 0.446094 0.410417 0.045312 0.087500
0 0.473828 0.387500 0.024219 0.058333
0 0.480469 0.492361 0.029687 0.045833
0 0.483984 0.460417 0.017969 0.023611
0 0.486328 0.562500 0.019531 0.025000
0 0.510547 0.597917 0.028906 0.054167
0 0.516797 0.481250 0.027344 0.056944
0 0.601953 0.301389 0.025781 0.044444
0 0.613281 0.396528 0.025000 0.048611
0 0.575781 0.382639 0.023438 0.045833
0 0.570312 0.455556 0.026562 0.058333
0 0.575391 0.520833 0.027344 0.044444
0 0.585156 0.539583 0.018750 0.034722
0 0.558203 0.584028 0.021094 0.043056
0 0.579297 0.588889 0.021094 0.041667
0 0.621484 0.475000 0.022656 0.050000
0 0.589453 0.475694 0.014844 0.031944
0 0.658594 0.499306 0.023438 0.051389
0 0.731641 0.513194 0.028906 0.051389
0 0.742969 0.447917 0.032813 0.062500
0 0.735938 0.336806 0.028125 0.048611
0 0.791016 0.417361 0.033594 0.062500
0 0.834375 0.525694 0.037500 0.062500
0 0.884375 0.505556 0.039062 0.072222
0 0.916406 0.511111 0.028125 0.058333
0 0.853906 0.593056 0.025000 0.022222
0 0.854297 0.324306 0.028906 0.054167
0 0.871875 0.353472 0.017188 0.051389
0 0.848437 0.265278 0.034375 0.061111
0 0.778125 0.296528 0.025000 0.037500
0 0.776563 0.252083 0.025000 0.043056
0 0.791016 0.172222 0.027344 0.038889
0 0.842578 0.139583 0.032031 0.062500
0 0.990234 0.433333 0.019531 0.072222
