0 0.044922 0.054861 0.088281 0.106944
0 0.062109 0.672222 0.107031 0.161111
0 0.212500 0.750694 0.084375 0.137500
0 0.348438 0.817361 0.028125 0.070833
0 0.298828 0.656250 0.085156 0.129167
0 0.333984 0.498611 0.057031 0.105556
0 0.421094 0.495833 0.084375 0.138889
0 0.386719 0.315278 0.098437 0.172222
0 0.547656 0.350694 0.056250 0.106944
0 0.444922 0.101389 0.088281 0.155556
0 0.549219 0.038889 0.070312 0.075000
0 0.563281 0.479861 0.025000 0.040278
0 0.651953 0.633333 0.083594 0.147222
0 0.476172 0.690972 0.024219 0.073611
0 0.472266 0.829167 0.086719 0.155556
0 0.532422 0.855556 0.036719 0.033333
0 0.681641 0.831250 0.042969 0.051389
0 0.748047 0.102778 0.063281 0.119444
0 0.790234 0.040972 0.047656 0.070833
0 0.953906 0.213194 0.065625 0.104167
0 0.849609 0.286111 0.055469 0.088889
0 0.893750 0.329167 0.071875 0.108333
0 0.980859 0.738889 0.038281 0.144444
0 0.848047 0.738194 0.094531 0.159722
0 0.914453 0.615972 0.024219 0.031944
0 0.991797 0.602778 0.016406 0.041667
0 0.956641 0.695139 0.032031 0.034722
