0 0.775391 0.232639 0.082031 0.151389
0 0.462891 0.632639 0.052344 0.098611
0 0.281641 0.440278 0.092969 0.163889
0 0.099609 0.033333 0.094531 0.063889
0 0.924219 0.610417 0.067187 0.087500
0 0.846875 0.795139 0.079687 0.137500
0 0.263281 0.050000 0.085938 0.097222
0 0.365625 0.838194 0.051562 0.106944
0 0.383594 0.547222 0.065625 0.113889
0 0.320703 0.679167 0.089844 0.147222
0 0.160156 0.572222 0.075000 0.122222
0 0.020703 0.908333 0.039844 0.122222
0 0.299609 0.186111 0.038281 0.088889
0 0.180859 0.241667 0.044531 0.094444
0 0.956250 0.352778 0.065625 0.094444
0 0.791797 0.588194 0.016406 0.023611
0 0.588672 0.789583 0.066406 0.109722
0 0.660547 0.633333 0.052344 0.100000
0 0.476562 0.497917 0.054688 0.098611
0 0.670703 0.377778 0.092969 0.166667
0 0.604297 0.188889 0.080469 0.150000
0 0.391406 0.061111 0.014063 0.022222
0 0.701562 0.225000 0.037500 0.058333
0 0.982031 0.219444 0.035937 0.100000
0 0.799609 0.034028 0.027344 0.065278
0 0.985156 0.630556 0.029687 0.100000
