0 0.548438 0.028472 0.051562 0.054167
0 0.021094 0.546528 0.040625 0.120833
0 0.955469 0.777083 0.056250 0.120833
0 0.534375 0.900000 0.040625 0.088889
0 0.305469 0.895833 0.050000 0.108333
0 0.691797 0.297222 0.019531 0.041667
0 0.043359 0.810417 0.085156 0.229167
0 0.532813 0.747917 0.076563 0.134722
0 0.405078 0.652778 0.085156 0.161111
0 0.979688 0.882639 0.040625 0.068056
0 0.836328 0.674306 0.122656 0.218056
0 0.342969 0.463889 0.053125 0.044444
0 0.636328 0.866667 0.116406 0.208333
0 0.597656 0.334028 0.050000 0.084722
0 0.226562 0.290972 0.095312 0.168056
0 0.367578 0.063889 0.038281 0.094444
0 0.330859 0.018056 0.044531 0.033333
0 0.795703 0.566667 0.021094 0.036111
0 0.919922 0.831250 0.049219 0.151389
0 0.283203 0.522222 0.064844 0.113889
0 0.385547 0.331944 0.094531 0.166667
0 0.602734 0.936111 0.088281 0.125000
0 0.569922 0.115972 0.082031 0.145833
0 0.279297 0.847222 0.088281 0.138889
0 0.989844 0.204167 0.020313 0.050000
