0 0.889453 0.378472 0.047656 0.081944
0 0.865234 0.204167 0.028906 0.052778
0 0.830859 0.193056 0.028906 0.052778
0 0.808203 0.261806 0.025781 0.043056
0 0.822656 0.409028 0.046875 0.081944
0 0.853125 0.434722 0.029687 0.041667
0 0.776953 0.424306 0.044531 0.073611
0 0.760156 0.195139 0.042188 0.076389
0 0.804297 0.145139 0.025781 0.031944
0 0.789453 0.233333 0.011719 0.019444
0 0.721875 0.046528 0.042188 0.076389
0 0.690625 0.054861 0.025000 0.065278
0 0.690625 0.181944 0.034375 0.066667
0 0.711719 0.270833 0.020313 0.033333
0 0.674609 0.323611 0.030469 0.052778
0 0.641797 0.406250 0.035156 0.070833
0 0.669141 0.438194 0.022656 0.040278
0 0.730859 0.422917 0.011719 0.015278
0 0.733594 0.475694 0.012500 0.034722
0 0.773438 0.497917 0.017188 0.029167
0 0.818750 0.591667 0.009375 0.025000
0 0.645703 0.543056 0.039844 0.063889
0 0.696094 0.624306 0.028125 0.045833
0 0.474609 0.175000 0.016406 0.036111
0 0.474609 0.195833 0.011719 0.011111
0 0.499219 0.243056 0.021875 0.038889
0 0.580078 0.329861 0.010156 0.020833
0 0.579688 0.388194 0.025000 0.040278
0 0.590625 0.415278 0.010937 0.027778
0 0.550781 0.427083 0.023438 0.040278
0 0.498437 0.277778 0.017188 0.025000
0 0.448047 0.368056 0.010156 0.027778
0 0.459766 0.372917 0.017969 0.037500
0 0.504687 0.404861 0.021875 0.040278
0 0.533203 0.440972 0.019531 0.031944
0 0.483594 0.465278 0.012500 0.030556
0 0.448437 0.481250 0.018750 0.051389
0 0.427734 0.496528 0.028906 0.056944
0 0.389453 0.518750 0.032031 0.059722
0 0.381250 0.250694 0.031250 0.054167
0 0.364844 0.106944 0.031250 0.058333
0 0.380469 0.295833 0.020313 0.041667
0 0.346875 0.421528 0.032813 0.059722
0 0.300391 0.103472 0.027344 0.051389
0 0.289844 0.194444 0.028125 0.052778
0 0.309766 0.276389 0.030469 0.050000
0 0.267188 0.313194 0.032813 0.054167
0 0.301172 0.465278 0.033594 0.061111
0 0.279687 0.513889 0.034375 0.038889
0 0.190625 0.499306 0.034375 0.054167
0 0.190234 0.464583 0.017969 0.018056
0 0.120313 0.586111 0.048438 0.080556
0 0.037891 0.688889 0.064844 0.091667
0 0.016797 0.570139 0.022656 0.048611
0 0.028516 0.544444 0.014844 0.019444
0 0.037109 0.501389 0.033594 0.047222
0 0.085156 0.428472 0.031250 0.048611
0 0.036328 0.440972 0.024219 0.031944
0 0.013672 0.400694 0.022656 0.051389
0 0.027734 0.375694 0.017969 0.034722
0 0.064453 0.336111 0.033594 0.050000
0 0.011719 0.327083 0.021875 0.054167
0 0.032031 0.211806 0.032813 0.054167
