0 0.051562 0.672222 0.059375 0.097222
0 0.058203 0.606944 0.033594 0.022222
0 0.076172 0.915972 0.072656 0.112500
0 0.158594 0.859028 0.012500 0.037500
0 0.212891 0.893750 0.010156 0.023611
0 0.232813 0.936111 0.014063 0.013889
0 0.308984 0.756250 0.030469 0.051389
0 0.349219 0.719444 0.029687 0.050000
0 0.320703 0.625694 0.028906 0.051389
0 0.333203 0.545833 0.028906 0.047222
0 0.402734 0.561806 0.028906 0.054167
0 0.385156 0.688194 0.021875 0.029167
0 0.416406 0.695139 0.026562 0.051389
0 0.387891 0.868750 0.033594 0.056944
0 0.417969 0.952083 0.028125 0.054167
0 0.452734 0.929167 0.025781 0.052778
0 0.309375 0.952778 0.026562 0.058333
0 0.660937 0.577083 0.023438 0.040278
0 0.683594 0.610417 0.026562 0.051389
0 0.692578 0.596528 0.017969 0.043056
0 0.711719 0.568056 0.015625 0.027778
0 0.728516 0.554861 0.017969 0.034722
0 0.739453 0.607639 0.014844 0.037500
0 0.769531 0.627778 0.020313 0.033333
0 0.727734 0.648611 0.014844 0.027778
0 0.742578 0.648611 0.013281 0.025000
0 0.594922 0.661806 0.028906 0.051389
0 0.576172 0.679167 0.025781 0.050000
0 0.568750 0.795833 0.023438 0.047222
0 0.604297 0.727778 0.014844 0.038889
0 0.635938 0.737500 0.028125 0.058333
0 0.678906 0.690972 0.032813 0.059722
0 0.616016 0.776389 0.032031 0.055556
0 0.724609 0.693750 0.022656 0.037500
0 0.754687 0.703472 0.021875 0.034722
0 0.721875 0.776389 0.032813 0.061111
0 0.770703 0.778472 0.025781 0.045833
0 0.811328 0.818056 0.021094 0.041667
0 0.837891 0.809722 0.022656 0.033333
0 0.679297 0.842361 0.017969 0.045833
0 0.713281 0.909028 0.034375 0.059722
0 0.739062 0.898611 0.017188 0.025000
0 0.750781 0.967361 0.029687 0.054167
0 0.639844 0.884028 0.018750 0.031944
0 0.568359 0.897917 0.011719 0.040278
0 0.557422 0.974306 0.014844 0.051389
0 0.588672 0.977778 0.033594 0.044444
0 0.853906 0.772222 0.023438 0.036111
0 0.983203 0.831250 0.025781 0.043056
0 0.966016 0.898611 0.022656 0.050000
0 0.989844 0.917361 0.020313 0.043056
