0 0.172266 0.074306 0.082031 0.134722
0 0.281250 0.298611 0.037500 0.097222
0 0.352344 0.090972 0.067187 0.120833
0 0.440625 0.045139 0.070312 0.087500
0 0.569922 0.245833 0.067969 0.127778
0 0.360938 0.225694 0.071875 0.123611
0 0.400000 0.352083 0.057813 0.101389
0 0.367969 0.479861 0.070312 0.131944
0 0.148047 0.565278 0.039844 0.086111
0 0.025391 0.675000 0.049219 0.066667
0 0.157422 0.852778 0.082031 0.136111
0 0.028906 0.893056 0.056250 0.161111
0 0.425391 0.606250 0.083594 0.143056
0 0.419531 0.727083 0.071875 0.115278
0 0.415234 0.817361 0.072656 0.104167
0 0.348828 0.770833 0.071094 0.127778
0 0.278516 0.788194 0.047656 0.087500
0 0.312891 0.837500 0.046094 0.080556
0 0.359375 0.956944 0.068750 0.086111
0 0.561719 0.629861 0.082812 0.140278
0 0.608594 0.736806 0.067187 0.120833
0 0.687500 0.790972 0.070312 0.120833
0 0.753125 0.718750 0.064062 0.101389
0 0.919531 0.855556 0.076563 0.125000
0 0.877344 0.872222 0.025000 0.055556
0 0.723828 0.582639 0.055469 0.056944
0 0.828516 0.746528 0.024219 0.045833
0 0.857422 0.583333 0.069531 0.116667
0 0.882812 0.454861 0.081250 0.129167
0 0.891797 0.274306 0.072656 0.120833
0 0.908203 0.165278 0.064844 0.100000
0 0.834375 0.112500 0.065625 0.097222
0 0.748047 0.295833 0.038281 0.044444
0 0.977734 0.652083 0.025781 0.054167
0 0.362109 0.835417 0.044531 0.037500
0 0.737891 0.237500 0.025781 0.055556
0 0.421484 0.396528 0.039844 0.056944
0 0.746875 0.551389 0.025000 0.044444
0 0.962109 0.418056 0.033594 0.022222
