0 0.736719 0.477083 0.023438 0.040278
0 0.767188 0.495833 0.021875 0.036111
0 0.720313 0.538889 0.020313 0.036111
0 0.705469 0.518056 0.006250 0.011111
0 0.757031 0.630556 0.014063 0.022222
0 0.791016 0.610417 0.013281 0.034722
0 0.786719 0.661806 0.018750 0.037500
0 0.757031 0.675000 0.015625 0.022222
0 0.714453 0.725694 0.019531 0.029167
0 0.713672 0.640278 0.019531 0.038889
0 0.676172 0.650000 0.022656 0.038889
0 0.659375 0.711806 0.021875 0.043056
0 0.686328 0.734028 0.021094 0.040278
0 0.574609 0.623611 0.022656 0.030556
0 0.555859 0.647917 0.021094 0.037500
0 0.533203 0.661111 0.017969 0.038889
0 0.501563 0.629861 0.020313 0.037500
0 0.465625 0.591667 0.020313 0.038889
0 0.449219 0.590972 0.009375 0.015278
0 0.457813 0.627083 0.010937 0.012500
0 0.461719 0.647222 0.012500 0.027778
0 0.452344 0.695139 0.014063 0.031944
0 0.501172 0.484028 0.016406 0.034722
0 0.485938 0.527083 0.007812 0.015278
0 0.478125 0.523611 0.012500 0.022222
0 0.462500 0.515278 0.020313 0.038889
0 0.470313 0.422222 0.015625 0.030556
0 0.459375 0.447222 0.012500 0.025000
0 0.447656 0.418056 0.018750 0.038889
0 0.428906 0.495833 0.023438 0.041667
0 0.427344 0.609028 0.021875 0.040278
0 0.425391 0.641667 0.022656 0.030556
0 0.412891 0.690278 0.022656 0.033333
0 0.380469 0.640972 0.029687 0.056944
0 0.391797 0.601389 0.016406 0.025000
0 0.394141 0.561806 0.014844 0.034722
0 0.351172 0.592361 0.017969 0.043056
0 0.334766 0.558333 0.024219 0.036111
0 0.319531 0.525000 0.032813 0.058333
0 0.391016 0.381944 0.022656 0.038889
0 0.367578 0.370139 0.021094 0.031944
0 0.324609 0.379167 0.036719 0.055556
0 0.323828 0.279167 0.030469 0.052778
0 0.292578 0.312500 0.035156 0.058333
0 0.221484 0.311806 0.030469 0.054167
0 0.214062 0.354167 0.015625 0.030556
0 0.258984 0.379167 0.028906 0.055556
0 0.247656 0.441667 0.029687 0.052778
0 0.239453 0.627778 0.035156 0.061111
0 0.220312 0.497222 0.025000 0.027778
0 0.169141 0.575694 0.038281 0.065278
0 0.160938 0.605556 0.037500 0.047222
0 0.213281 0.685417 0.032813 0.045833
0 0.066016 0.595833 0.035156 0.055556
0 0.089453 0.600694 0.024219 0.045833
0 0.016016 0.603472 0.030469 0.054167
0 0.040234 0.424306 0.014844 0.029167
0 0.034375 0.399306 0.021875 0.043056
0 0.039453 0.352083 0.035156 0.051389
0 0.040234 0.222222 0.033594 0.055556
