0 0.104688 0.337500 0.092188 0.144444
0 0.061328 0.544444 0.046094 0.077778
0 0.105469 0.586111 0.043750 0.066667
0 0.189844 0.495139 0.032813 0.037500
0 0.250781 0.545833 0.029687 0.038889
0 0.300781 0.589583 0.037500 0.054167
0 0.341406 0.575000 0.023438 0.036111
0 0.360547 0.575000 0.021094 0.041667
0 0.261719 0.431944 0.023438 0.030556
0 0.294141 0.322917 0.063281 0.112500
0 0.364453 0.344444 0.027344 0.047222
0 0.410547 0.362500 0.028906 0.052778
0 0.417578 0.453472 0.024219 0.051389
0 0.380469 0.424306 0.035937 0.059722
0 0.382422 0.495833 0.035156 0.058333
0 0.328125 0.456944 0.015625 0.044444
0 0.305078 0.214583 0.022656 0.040278
0 0.287109 0.243750 0.030469 0.048611
0 0.254297 0.115972 0.039844 0.087500
0 0.262891 0.074306 0.028906 0.034722
0 0.331250 0.143750 0.017188 0.037500
0 0.394531 0.252778 0.026562 0.047222
0 0.187109 0.102778 0.032031 0.041667
0 0.471484 0.483333 0.032031 0.055556
0 0.548438 0.497222 0.031250 0.055556
0 0.570312 0.431944 0.031250 0.063889
0 0.550000 0.316667 0.026562 0.047222
0 0.616797 0.403472 0.032031 0.062500
0 0.627344 0.481250 0.018750 0.040278
0 0.652734 0.512500 0.032031 0.066667
0 0.659375 0.583333 0.017188 0.019444
0 0.697266 0.497917 0.036719 0.062500
0 0.722656 0.504861 0.023438 0.065278
0 0.592578 0.284028 0.032031 0.040278
0 0.580078 0.236111 0.024219 0.052778
0 0.593359 0.159028 0.021094 0.040278
0 0.651953 0.134722 0.030469 0.066667
0 0.661328 0.256944 0.032031 0.055556
0 0.658594 0.318056 0.021875 0.050000
0 0.665234 0.352778 0.014844 0.036111
0 0.780078 0.443056 0.025781 0.052778
0 0.799609 0.427083 0.032031 0.056944
0 0.879687 0.483333 0.039062 0.066667
0 0.942187 0.528472 0.040625 0.068056
0 0.981250 0.488194 0.037500 0.076389
0 0.819141 0.493056 0.019531 0.036111
0 0.838281 0.536111 0.023438 0.050000
0 0.835156 0.622222 0.025000 0.050000
0 0.862109 0.325000 0.030469 0.044444
0 0.875000 0.229167 0.032813 0.058333
0 0.833594 0.161111 0.031250 0.052778
0 0.830859 0.220139 0.017969 0.045833
