0 0.065234 0.634028 0.053906 0.076389
0 0.311328 0.638889 0.016406 0.033333
0 0.251172 0.845139 0.028906 0.031944
0 0.287500 0.833333 0.025000 0.050000
0 0.246094 0.808333 0.026562 0.047222
0 0.325391 0.885417 0.022656 0.040278
0 0.010156 0.342361 0.018750 0.068056
0 0.068750 0.525694 0.050000 0.076389
0 0.287891 0.904167 0.027344 0.041667
0 0.329297 0.675000 0.021094 0.044444
0 0.329688 0.731250 0.026562 0.034722
0 0.050781 0.226389 0.040625 0.069444
0 0.390234 0.596528 0.021094 0.034722
0 0.503516 0.545833 0.042969 0.080556
0 0.534375 0.603472 0.020313 0.031944
0 0.486719 0.650694 0.039062 0.070833
0 0.359375 0.644444 0.026562 0.036111
0 0.397266 0.665972 0.041406 0.070833
0 0.545703 0.667361 0.025781 0.043056
0 0.487891 0.801389 0.013281 0.036111
0 0.355469 0.758333 0.026562 0.050000
0 0.481641 0.869444 0.019531 0.041667
0 0.526953 0.815278 0.013281 0.030556
0 0.563281 0.763194 0.018750 0.051389
0 0.450391 0.857639 0.014844 0.031944
0 0.346484 0.607639 0.021094 0.040278
0 0.414453 0.865278 0.025781 0.044444
0 0.583594 0.850694 0.015625 0.023611
0 0.648047 0.975000 0.014844 0.030556
0 0.563281 0.796528 0.014063 0.023611
0 0.620703 0.818750 0.025781 0.045833
0 0.601562 0.751389 0.028125 0.044444
0 0.650781 0.795139 0.034375 0.043056
0 0.680859 0.954861 0.011719 0.023611
0 0.532813 0.629861 0.010937 0.020833
0 0.681641 0.621528 0.047656 0.087500
0 0.603125 0.703472 0.010937 0.054167
0 0.495312 0.457639 0.026562 0.043056
0 0.619531 0.645139 0.043750 0.081944
0 0.658594 0.538889 0.020313 0.038889
0 0.659375 0.663889 0.032813 0.133333
0 0.718359 0.647917 0.035156 0.076389
0 0.855469 0.801389 0.037500 0.066667
0 0.890234 0.728472 0.035156 0.065278
0 0.859375 0.613889 0.031250 0.052778
0 0.871094 0.842361 0.040625 0.062500
0 0.924219 0.890972 0.014063 0.026389
0 0.982812 0.793056 0.034375 0.063889
0 0.951562 0.974306 0.012500 0.026389
0 0.637500 0.490972 0.025000 0.068056
0 0.550391 0.405556 0.032031 0.041667
0 0.630859 0.371528 0.041406 0.065278
0 0.557813 0.340972 0.010937 0.034722
0 0.620313 0.268056 0.037500 0.061111
