0 0.039062 0.310417 0.045312 0.070833
0 0.044531 0.619444 0.043750 0.072222
0 0.115234 0.682639 0.050781 0.073611
0 0.160156 0.654167 0.042188 0.069444
0 0.205078 0.581944 0.039844 0.072222
0 0.267188 0.709722 0.037500 0.075000
0 0.316406 0.740278 0.035937 0.075000
0 0.296094 0.606944 0.034375 0.061111
0 0.361328 0.689583 0.028906 0.048611
0 0.357812 0.571528 0.023438 0.056944
0 0.422656 0.624306 0.021875 0.031944
0 0.463672 0.613889 0.032031 0.038889
0 0.501953 0.617361 0.021094 0.065278
0 0.480078 0.534028 0.063281 0.106944
0 0.594141 0.459028 0.016406 0.054167
0 0.372656 0.423611 0.034375 0.050000
0 0.398438 0.334722 0.032813 0.052778
0 0.442188 0.363889 0.031250 0.066667
0 0.528125 0.366667 0.060937 0.094444
0 0.634766 0.426389 0.032031 0.058333
0 0.623047 0.177778 0.060156 0.105556
0 0.700781 0.203472 0.070312 0.126389
0 0.807813 0.297917 0.039062 0.070833
0 0.716016 0.414583 0.033594 0.065278
0 0.716016 0.457639 0.030469 0.051389
0 0.614062 0.554167 0.020313 0.036111
0 0.650000 0.620833 0.042188 0.069444
0 0.663281 0.573611 0.025000 0.050000
0 0.776563 0.499306 0.064062 0.101389
0 0.837891 0.529167 0.053906 0.094444
0 0.832031 0.701389 0.043750 0.080556
0 0.830078 0.830556 0.064844 0.125000
0 0.691016 0.706944 0.035156 0.063889
0 0.763672 0.790972 0.021094 0.043056
0 0.645703 0.837500 0.077344 0.130556
0 0.547656 0.928472 0.053125 0.115278
0 0.749219 0.693750 0.032813 0.054167
