0 0.478125 0.154861 0.042188 0.081944
0 0.450781 0.162500 0.025000 0.050000
0 0.581641 0.178472 0.049219 0.084722
0 0.459375 0.281944 0.037500 0.080556
0 0.542188 0.204861 0.012500 0.031944
0 0.403125 0.273611 0.026562 0.050000
0 0.389062 0.347917 0.028125 0.048611
0 0.428125 0.393750 0.025000 0.043056
0 0.505859 0.360417 0.021094 0.045833
0 0.528516 0.309028 0.019531 0.048611
0 0.576562 0.335417 0.017188 0.018056
0 0.601562 0.403472 0.043750 0.087500
0 0.558594 0.377778 0.018750 0.033333
0 0.496484 0.437500 0.046094 0.091667
0 0.434375 0.493750 0.045312 0.084722
0 0.328516 0.668056 0.041406 0.069444
0 0.326172 0.742361 0.046094 0.079167
0 0.539453 0.587500 0.019531 0.033333
0 0.551953 0.681944 0.044531 0.094444
0 0.490234 0.753472 0.049219 0.093056
0 0.437500 0.769444 0.020313 0.077778
0 0.600781 0.793750 0.046875 0.079167
0 0.658594 0.765972 0.040625 0.070833
0 0.675391 0.713194 0.021094 0.040278
0 0.564063 0.745139 0.007812 0.018056
0 0.712500 0.139583 0.023438 0.045833
0 0.706250 0.164583 0.015625 0.026389
0 0.747656 0.245833 0.029687 0.055556
0 0.726562 0.279861 0.018750 0.018056
0 0.857031 0.293056 0.048438 0.080556
0 0.828125 0.312500 0.031250 0.066667
0 0.809766 0.365278 0.014844 0.030556
0 0.665234 0.391667 0.027344 0.036111
0 0.681641 0.411806 0.019531 0.040278
0 0.689844 0.500000 0.012500 0.036111
0 0.696094 0.455556 0.009375 0.033333
0 0.739453 0.461111 0.027344 0.058333
0 0.781641 0.516667 0.027344 0.052778
0 0.814063 0.518056 0.031250 0.044444
0 0.813281 0.465972 0.031250 0.062500
0 0.810937 0.611806 0.032813 0.029167
0 0.773047 0.709028 0.028906 0.068056
0 0.809766 0.738889 0.042969 0.077778
0 0.839063 0.796528 0.043750 0.045833
0 0.908594 0.823611 0.056250 0.091667
0 0.879687 0.460417 0.043750 0.076389
0 0.917188 0.411806 0.046875 0.073611
0 0.919141 0.493056 0.022656 0.027778
0 0.983984 0.352083 0.032031 0.093056
0 0.982812 0.580556 0.029687 0.036111
0 0.978125 0.636111 0.010937 0.022222
