0 0.913281 0.330556 0.026562 0.050000
0 0.876953 0.354167 0.033594 0.055556
0 0.827344 0.207639 0.031250 0.051389
0 0.793750 0.101389 0.032813 0.058333
0 0.753125 0.103472 0.026562 0.051389
0 0.779297 0.218056 0.014844 0.036111
0 0.764844 0.211111 0.014063 0.033333
0 0.745703 0.196528 0.025781 0.051389
0 0.726172 0.168056 0.008594 0.016667
0 0.735547 0.263194 0.017969 0.023611
0 0.750000 0.263194 0.009375 0.026389
0 0.834766 0.367361 0.030469 0.048611
0 0.741797 0.364583 0.032031 0.048611
0 0.726172 0.308333 0.024219 0.047222
0 0.707812 0.384028 0.014063 0.048611
0 0.679297 0.342361 0.011719 0.031944
0 0.702734 0.441667 0.019531 0.036111
0 0.720703 0.452083 0.017969 0.029167
0 0.750781 0.461806 0.031250 0.051389
0 0.465625 0.127083 0.028125 0.059722
0 0.487500 0.254861 0.026562 0.045833
0 0.566797 0.376389 0.019531 0.030556
0 0.544922 0.409722 0.021094 0.036111
0 0.522656 0.411111 0.014063 0.016667
0 0.532422 0.465278 0.024219 0.050000
0 0.503125 0.484028 0.029687 0.051389
0 0.480078 0.402083 0.025781 0.054167
0 0.450781 0.438889 0.031250 0.058333
0 0.461328 0.517361 0.007031 0.023611
0 0.451172 0.265972 0.016406 0.018056
0 0.428516 0.279861 0.028906 0.048611
0 0.391406 0.127083 0.026562 0.048611
0 0.387109 0.204861 0.024219 0.048611
0 0.389844 0.292361 0.014063 0.015278
0 0.417578 0.483333 0.027344 0.052778
0 0.407813 0.529167 0.032813 0.038889
0 0.416016 0.620139 0.042969 0.084722
0 0.321094 0.520833 0.053125 0.097222
0 0.341406 0.577778 0.007812 0.019444
0 0.312891 0.288889 0.063281 0.105556
0 0.272266 0.062500 0.053906 0.083333
0 0.239063 0.164583 0.062500 0.109722
0 0.186719 0.279861 0.053125 0.093056
0 0.177344 0.375000 0.051562 0.086111
0 0.132812 0.345139 0.034375 0.051389
0 0.105859 0.163194 0.057031 0.095833
0 0.103906 0.231944 0.035937 0.058333
0 0.082812 0.208333 0.012500 0.030556
0 0.075781 0.337500 0.035937 0.061111
0 0.134766 0.447222 0.035156 0.063889
0 0.193750 0.658333 0.018750 0.025000
0 0.280469 0.605556 0.015625 0.022222
0 0.080859 0.701389 0.071094 0.097222
0 0.053516 0.717361 0.033594 0.081944
0 0.216406 0.745833 0.062500 0.108333
0 0.173828 0.786111 0.046094 0.069444
0 0.082812 0.509722 0.039062 0.061111
0 0.106250 0.517361 0.018750 0.045833
0 0.051562 0.583333 0.010937 0.027778
0 0.030859 0.388889 0.024219 0.025000
0 0.039844 0.420139 0.034375 0.048611
0 0.004297 0.194444 0.007031 0.041667
