0 0.144531 0.179861 0.046875 0.084722
0 0.014844 0.127083 0.028125 0.081944
0 0.013672 0.259028 0.025781 0.090278
0 0.191406 0.280556 0.053125 0.091667
0 0.351172 0.222917 0.058594 0.101389
0 0.410547 0.342361 0.053906 0.104167
0 0.482422 0.345139 0.044531 0.087500
0 0.556250 0.258333 0.054688 0.091667
0 0.576953 0.084028 0.058594 0.106944
0 0.658984 0.078472 0.058594 0.109722
0 0.729297 0.277083 0.058594 0.101389
0 0.823828 0.498611 0.058594 0.105556
0 0.747656 0.571528 0.057813 0.098611
0 0.654687 0.552778 0.068750 0.116667
0 0.696875 0.770833 0.070312 0.122222
0 0.562891 0.640972 0.039844 0.065278
0 0.565234 0.832639 0.035156 0.076389
0 0.623437 0.919444 0.056250 0.094444
0 0.482031 0.774306 0.040625 0.090278
0 0.492188 0.682639 0.034375 0.029167
0 0.403125 0.760417 0.067187 0.123611
0 0.525391 0.481944 0.058594 0.091667
0 0.512891 0.428472 0.058594 0.056944
0 0.300000 0.425000 0.042188 0.077778
0 0.313281 0.643056 0.042188 0.094444
0 0.298047 0.786111 0.074219 0.125000
0 0.319141 0.894444 0.064844 0.088889
0 0.239063 0.754861 0.051562 0.095833
0 0.271094 0.677083 0.018750 0.045833
0 0.208984 0.637500 0.032031 0.038889
0 0.191406 0.368056 0.035937 0.069444
0 0.148047 0.552083 0.064844 0.101389
0 0.153125 0.710417 0.067187 0.112500
0 0.092578 0.751389 0.060156 0.108333
0 0.108203 0.818056 0.025781 0.022222
0 0.062891 0.435417 0.061719 0.087500
0 0.105078 0.395833 0.053906 0.077778
0 0.331641 0.163194 0.035156 0.048611
0 0.228125 0.610417 0.028125 0.034722
