0 0.892578 0.367361 0.033594 0.048611
0 0.916797 0.489583 0.041406 0.073611
0 0.958203 0.665972 0.016406 0.029167
0 0.983594 0.746528 0.014063 0.023611
0 0.875781 0.561806 0.040625 0.062500
0 0.892969 0.609028 0.034375 0.056944
0 0.735156 0.536806 0.034375 0.068056
0 0.719531 0.650694 0.028125 0.048611
0 0.738672 0.662500 0.019531 0.047222
0 0.662109 0.603472 0.041406 0.073611
0 0.683203 0.658333 0.028906 0.050000
0 0.685937 0.733333 0.021875 0.027778
0 0.685156 0.561111 0.014063 0.030556
0 0.681641 0.518056 0.011719 0.025000
0 0.684766 0.468750 0.019531 0.040278
0 0.709766 0.384722 0.008594 0.013889
0 0.607422 0.263889 0.047656 0.091667
0 0.560937 0.382639 0.023438 0.026389
0 0.588672 0.450694 0.014844 0.034722
0 0.596094 0.518056 0.021875 0.038889
0 0.626953 0.488194 0.021094 0.029167
0 0.610547 0.592361 0.024219 0.045833
0 0.594531 0.635417 0.025000 0.020833
0 0.531641 0.631250 0.016406 0.018056
0 0.453516 0.562500 0.042969 0.077778
0 0.528516 0.470139 0.011719 0.029167
0 0.477344 0.235417 0.048438 0.087500
0 0.469531 0.139583 0.054688 0.106944
0 0.551562 0.084722 0.053125 0.102778
0 0.460938 0.031250 0.050000 0.056944
0 0.428125 0.374306 0.028125 0.034722
0 0.420312 0.573611 0.017188 0.044444
0 0.364844 0.568056 0.032813 0.058333
0 0.354297 0.412500 0.032031 0.077778
0 0.367188 0.299306 0.018750 0.031944
0 0.332422 0.257639 0.030469 0.043056
0 0.360938 0.341667 0.014063 0.041667
0 0.272656 0.261806 0.031250 0.040278
0 0.277734 0.303472 0.033594 0.054167
0 0.251563 0.320139 0.023438 0.031944
0 0.260547 0.356250 0.019531 0.037500
0 0.280078 0.441667 0.035156 0.058333
0 0.274219 0.611806 0.020313 0.043056
0 0.338281 0.649306 0.009375 0.018056
0 0.177344 0.417361 0.025000 0.040278
0 0.196875 0.536806 0.035937 0.056944
0 0.219922 0.625694 0.035156 0.048611
0 0.172266 0.560417 0.022656 0.037500
0 0.184375 0.595139 0.026562 0.031944
0 0.137500 0.484722 0.025000 0.038889
0 0.157422 0.510417 0.033594 0.059722
0 0.096875 0.363889 0.020313 0.027778
0 0.026562 0.437500 0.029687 0.044444
0 0.091016 0.578472 0.030469 0.051389
0 0.125391 0.585417 0.019531 0.037500
0 0.141016 0.580556 0.016406 0.036111
0 0.132422 0.644444 0.025781 0.041667
0 0.143750 0.658333 0.012500 0.025000
0 0.099219 0.680556 0.028125 0.047222
0 0.110547 0.715278 0.027344 0.038889
0 0.030859 0.548611 0.022656 0.033333
0 0.007422 0.502083 0.013281 0.043056
0 0.007812 0.551389 0.012500 0.041667
0 0.007031 0.656250 0.012500 0.029167
0 0.083594 0.368750 0.010937 0.031944
