0 0.876172 0.272917 0.057031 0.106944
0 0.792578 0.258333 0.053906 0.094444
0 0.936328 0.518056 0.055469 0.094444
0 0.978906 0.527083 0.032813 0.079167
0 0.946094 0.827083 0.081250 0.118056
0 0.812109 0.946528 0.060156 0.098611
0 0.769141 0.689583 0.053906 0.093056
0 0.832031 0.730556 0.028125 0.055556
0 0.804688 0.634722 0.023438 0.066667
0 0.786328 0.747917 0.014844 0.043056
0 0.848828 0.714583 0.013281 0.031944
0 0.751172 0.340972 0.014844 0.026389
0 0.750000 0.441667 0.064062 0.105556
0 0.684375 0.336806 0.029687 0.051389
0 0.669922 0.419444 0.028906 0.055556
0 0.684766 0.496528 0.014844 0.054167
0 0.718359 0.605556 0.058594 0.100000
0 0.691797 0.676389 0.016406 0.055556
0 0.656641 0.528472 0.028906 0.056944
0 0.581250 0.692361 0.032813 0.068056
0 0.674219 0.765972 0.034375 0.054167
0 0.471094 0.447222 0.031250 0.063889
0 0.500000 0.468056 0.029687 0.050000
0 0.436328 0.545139 0.032031 0.056944
0 0.435937 0.685417 0.032813 0.051389
0 0.396094 0.737500 0.037500 0.072222
0 0.423047 0.404861 0.025781 0.031944
0 0.344922 0.664583 0.019531 0.045833
0 0.378516 0.843750 0.035156 0.068056
0 0.417187 0.868750 0.035937 0.068056
0 0.317188 0.731944 0.043750 0.052778
0 0.285938 0.809722 0.045312 0.069444
0 0.233203 0.850000 0.046094 0.077778
0 0.157422 0.802083 0.049219 0.084722
0 0.133984 0.482639 0.049219 0.079167
0 0.035156 0.356250 0.050000 0.073611
0 0.016016 0.415972 0.030469 0.065278
0 0.057422 0.570139 0.042969 0.056944
0 0.055078 0.752778 0.053906 0.083333
0 0.009375 0.751389 0.017188 0.069444
0 0.021094 0.802083 0.026562 0.048611
0 0.046484 0.856944 0.035156 0.066667
0 0.024609 0.957639 0.035156 0.068056
