0 0.010547 0.695139 0.019531 0.043056
0 0.012891 0.764583 0.024219 0.045833
0 0.007031 0.862500 0.012500 0.041667
0 0.008203 0.923611 0.014844 0.052778
0 0.129688 0.810417 0.029687 0.054167
0 0.159375 0.770139 0.031250 0.051389
0 0.180859 0.836111 0.027344 0.063889
0 0.165234 0.863194 0.028906 0.048611
0 0.148438 0.881250 0.020313 0.043056
0 0.230859 0.840278 0.030469 0.058333
0 0.212109 0.681944 0.013281 0.030556
0 0.232422 0.640278 0.025781 0.047222
0 0.265234 0.550694 0.030469 0.051389
0 0.293750 0.701389 0.026562 0.052778
0 0.339453 0.735417 0.024219 0.048611
0 0.340625 0.802778 0.026562 0.047222
0 0.357812 0.828472 0.017188 0.029167
0 0.283984 0.869444 0.022656 0.038889
0 0.304688 0.904861 0.009375 0.026389
0 0.283984 0.926389 0.017969 0.038889
0 0.252344 0.933333 0.025000 0.055556
0 0.232031 0.972917 0.014063 0.029167
0 0.244922 0.984722 0.016406 0.027778
0 0.329688 0.987500 0.020313 0.025000
0 0.374219 0.987500 0.012500 0.025000
0 0.420703 0.809028 0.021094 0.034722
0 0.432422 0.876389 0.021094 0.044444
0 0.407422 0.897917 0.021094 0.031944
0 0.420312 0.920833 0.017188 0.033333
0 0.472266 0.924306 0.021094 0.034722
0 0.483203 0.893750 0.024219 0.054167
0 0.480859 0.826389 0.028906 0.055556
0 0.543359 0.863194 0.028906 0.062500
0 0.558984 0.906250 0.022656 0.034722
0 0.514844 0.927083 0.021875 0.045833
0 0.542188 0.955556 0.015625 0.019444
0 0.488281 0.950000 0.010937 0.022222
0 0.566406 0.618056 0.039062 0.061111
0 0.564453 0.698611 0.011719 0.025000
0 0.640625 0.707639 0.028125 0.043056
0 0.625391 0.793056 0.032031 0.058333
0 0.671484 0.854167 0.027344 0.047222
0 0.698828 0.920139 0.016406 0.018056
0 0.643359 0.898611 0.014844 0.030556
0 0.746094 0.720833 0.059375 0.102778
0 0.663281 0.648611 0.012500 0.036111
0 0.678906 0.625694 0.043750 0.048611
0 0.646094 0.521528 0.056250 0.098611
0 0.642188 0.459028 0.035937 0.045833
0 0.781641 0.389583 0.011719 0.043056
0 0.873047 0.415972 0.064844 0.101389
0 0.817969 0.618750 0.057813 0.101389
0 0.872656 0.805556 0.054688 0.091667
0 0.936328 0.682639 0.046094 0.084722
0 0.739062 0.334722 0.048438 0.083333
0 0.813281 0.274306 0.056250 0.093056
0 0.825781 0.227778 0.039062 0.058333
0 0.788281 0.168750 0.051562 0.081944
