0 0.891016 0.513194 0.021094 0.065278
0 0.602344 0.671528 0.065625 0.090278
0 0.525000 0.201389 0.065625 0.116667
0 0.893359 0.245833 0.039844 0.083333
0 0.598437 0.033333 0.062500 0.063889
0 0.734375 0.195139 0.062500 0.112500
0 0.974609 0.046528 0.050781 0.079167
0 0.776563 0.679167 0.067187 0.102778
0 0.909375 0.658333 0.064062 0.094444
0 0.751563 0.574306 0.078125 0.131944
0 0.845313 0.733333 0.064062 0.119444
0 0.545703 0.895833 0.064844 0.113889
0 0.553125 0.708333 0.062500 0.094444
0 0.376563 0.788194 0.075000 0.115278
0 0.477344 0.729167 0.046875 0.077778
0 0.561719 0.583333 0.029687 0.033333
0 0.622656 0.564583 0.079687 0.131944
0 0.549609 0.440972 0.058594 0.109722
0 0.559375 0.325000 0.056250 0.100000
0 0.161719 0.693750 0.078125 0.126389
0 0.263672 0.845833 0.072656 0.136111
0 0.866016 0.177778 0.019531 0.055556
0 0.360547 0.078472 0.067969 0.131944
0 0.321094 0.519444 0.034375 0.072222
0 0.508203 0.069444 0.061719 0.111111
0 0.993750 0.531944 0.012500 0.058333
0 0.226953 0.624306 0.049219 0.045833
0 0.473438 0.784722 0.045312 0.041667
0 0.528125 0.768750 0.037500 0.040278
0 0.596094 0.754861 0.056250 0.081944
0 0.332813 0.045139 0.039062 0.087500
