0 0.632812 0.058333 0.040625 0.102778
0 0.031250 0.718056 0.048438 0.108333
0 0.054688 0.425694 0.081250 0.123611
0 0.956641 0.695833 0.086719 0.200000
0 0.453516 0.647917 0.035156 0.048611
0 0.394141 0.934722 0.053906 0.041667
0 0.137109 0.586806 0.072656 0.126389
0 0.010937 0.739583 0.020313 0.106944
0 0.407031 0.861806 0.076563 0.134722
0 0.533203 0.677778 0.085156 0.161111
0 0.979688 0.888194 0.040625 0.068056
0 0.789062 0.885417 0.112500 0.195833
0 0.436719 0.513889 0.042188 0.066667
0 0.648047 0.768750 0.078906 0.134722
0 0.517578 0.377778 0.083594 0.155556
0 0.683594 0.368750 0.060937 0.073611
0 0.085547 0.259722 0.075781 0.130556
0 0.476953 0.125000 0.021094 0.075000
0 0.451953 0.051389 0.085156 0.100000
0 0.733984 0.929167 0.082031 0.141667
0 0.390234 0.550000 0.064844 0.113889
0 0.367188 0.340972 0.082812 0.143056
0 0.623828 0.920833 0.046094 0.094444
0 0.671875 0.172222 0.073438 0.130556
0 0.202734 0.831250 0.124219 0.198611
