0 0.517578 0.168750 0.033594 0.065278
0 0.554688 0.240972 0.021875 0.048611
0 0.445703 0.218750 0.027344 0.054167
0 0.432031 0.261806 0.012500 0.040278
0 0.455469 0.284028 0.034375 0.068056
0 0.445312 0.326389 0.018750 0.030556
0 0.464453 0.382639 0.013281 0.031944
0 0.467187 0.454167 0.039062 0.072222
0 0.355859 0.528472 0.028906 0.056944
0 0.369922 0.559028 0.010156 0.023611
0 0.392969 0.573611 0.037500 0.069444
0 0.428906 0.631250 0.031250 0.051389
0 0.489844 0.581944 0.028125 0.044444
0 0.570703 0.585417 0.035156 0.068056
0 0.593750 0.531944 0.021875 0.030556
0 0.632422 0.550000 0.036719 0.058333
0 0.656641 0.515972 0.032031 0.054167
0 0.654297 0.576389 0.021094 0.041667
0 0.661328 0.384722 0.030469 0.044444
0 0.703125 0.481250 0.031250 0.059722
0 0.702344 0.344444 0.029687 0.030556
0 0.749219 0.597222 0.034375 0.061111
0 0.794531 0.581250 0.037500 0.070833
0 0.835547 0.583333 0.035156 0.061111
0 0.783984 0.659028 0.016406 0.018056
0 0.771094 0.525694 0.009375 0.023611
0 0.803125 0.458333 0.012500 0.047222
0 0.812109 0.394444 0.022656 0.052778
0 0.789453 0.368750 0.025781 0.054167
0 0.768750 0.315972 0.031250 0.056944
0 0.707031 0.288194 0.023438 0.045833
0 0.727344 0.205556 0.028125 0.044444
0 0.769922 0.184028 0.035156 0.070833
0 0.948438 0.348611 0.039062 0.055556
0 0.929688 0.441667 0.032813 0.055556
0 0.974609 0.494444 0.028906 0.052778
0 0.936328 0.541667 0.038281 0.055556
0 0.955078 0.641667 0.028906 0.033333
