0 0.932422 0.504861 0.039844 0.059722
0 0.930469 0.593750 0.025000 0.034722
0 0.971875 0.500000 0.034375 0.055556
0 0.958203 0.756944 0.019531 0.036111
0 0.864844 0.754167 0.020313 0.036111
0 0.865234 0.387500 0.033594 0.058333
0 0.824219 0.311111 0.031250 0.047222
0 0.791797 0.342361 0.024219 0.051389
0 0.614844 0.793750 0.017188 0.023611
0 0.728906 0.770139 0.012500 0.020833
0 0.823438 0.732639 0.032813 0.051389
0 0.891406 0.545139 0.031250 0.056944
0 0.736719 0.756944 0.017188 0.036111
0 0.685547 0.705556 0.024219 0.041667
0 0.663672 0.620833 0.019531 0.030556
0 0.602734 0.729167 0.022656 0.030556
0 0.790625 0.425694 0.031250 0.048611
0 0.636719 0.586111 0.017188 0.030556
0 0.644922 0.631944 0.021094 0.030556
0 0.685937 0.541667 0.018750 0.030556
0 0.637500 0.543750 0.017188 0.026389
0 0.714844 0.762500 0.020313 0.033333
0 0.596094 0.557639 0.026562 0.048611
0 0.786328 0.529861 0.033594 0.059722
0 0.600391 0.445139 0.028906 0.051389
0 0.514062 0.509722 0.025000 0.033333
0 0.568359 0.399306 0.027344 0.045833
0 0.566797 0.371528 0.019531 0.015278
0 0.498437 0.406944 0.025000 0.044444
0 0.532422 0.455556 0.025781 0.047222
0 0.702734 0.614583 0.019531 0.031944
0 0.701953 0.693056 0.016406 0.033333
0 0.628125 0.675000 0.026562 0.050000
0 0.203906 0.228472 0.040625 0.070833
0 0.549609 0.622917 0.030469 0.048611
0 0.482422 0.456250 0.024219 0.040278
0 0.299219 0.031250 0.053125 0.059722
0 0.199609 0.097917 0.049219 0.068056
0 0.328125 0.233333 0.040625 0.083333
0 0.258203 0.393056 0.052344 0.088889
0 0.316406 0.345833 0.056250 0.088889
0 0.313672 0.429861 0.032031 0.068056
0 0.283984 0.413194 0.030469 0.068056
0 0.292187 0.518056 0.042188 0.069444
0 0.325391 0.519444 0.022656 0.044444
0 0.300391 0.484028 0.014844 0.026389
0 0.493359 0.581944 0.028906 0.055556
0 0.468359 0.620139 0.024219 0.045833
0 0.322656 0.608333 0.025000 0.050000
0 0.300391 0.585417 0.027344 0.048611
0 0.471875 0.669444 0.018750 0.052778
0 0.264453 0.696528 0.027344 0.048611
0 0.278906 0.650000 0.021875 0.038889
0 0.191016 0.592361 0.044531 0.068056
0 0.177344 0.393750 0.023438 0.023611
0 0.164453 0.620833 0.033594 0.038889
0 0.216797 0.334028 0.011719 0.037500
0 0.171875 0.516667 0.032813 0.041667
0 0.160156 0.300694 0.048438 0.095833
0 0.015234 0.223611 0.028906 0.105556
0 0.141406 0.455556 0.021875 0.044444
0 0.021094 0.442361 0.040625 0.098611
0 0.655469 0.741667 0.021875 0.041667
0 0.682031 0.810417 0.012500 0.020833
0 0.777734 0.645139 0.022656 0.037500
0 0.799219 0.621528 0.035937 0.059722
0 0.884766 0.733333 0.013281 0.022222
0 0.978906 0.696528 0.015625 0.023611
0 0.894922 0.788194 0.022656 0.026389
0 0.923438 0.756250 0.015625 0.018056
0 0.923828 0.697222 0.016406 0.027778
0 0.859766 0.605556 0.010156 0.030556
