0 0.147656 0.263889 0.035937 0.044444
0 0.216406 0.527083 0.029687 0.043056
0 0.253125 0.318056 0.034375 0.058333
0 0.143750 0.575694 0.040625 0.062500
0 0.266797 0.452778 0.035156 0.058333
0 0.204687 0.693750 0.028125 0.048611
0 0.216797 0.634722 0.032031 0.052778
0 0.274219 0.559028 0.032813 0.056944
0 0.007031 0.578472 0.012500 0.065278
0 0.671875 0.627083 0.039062 0.070833
0 0.678906 0.320139 0.039062 0.073611
0 0.384375 0.349306 0.017188 0.043056
0 0.400781 0.417361 0.028125 0.043056
0 0.406641 0.485417 0.024219 0.029167
0 0.358984 0.617361 0.013281 0.018056
0 0.391797 0.624306 0.027344 0.051389
0 0.443750 0.650694 0.026562 0.059722
0 0.421484 0.671528 0.027344 0.045833
0 0.335547 0.572222 0.033594 0.050000
0 0.373047 0.656250 0.019531 0.040278
0 0.501172 0.659028 0.025781 0.043056
0 0.487109 0.608333 0.027344 0.052778
0 0.708203 0.440278 0.008594 0.036111
0 0.723828 0.795139 0.033594 0.045833
0 0.542578 0.754167 0.039844 0.066667
0 0.685156 0.443056 0.034375 0.058333
0 0.703516 0.283333 0.032031 0.030556
0 0.652344 0.404167 0.017188 0.016667
0 0.575000 0.642361 0.034375 0.065278
0 0.753125 0.348611 0.045312 0.075000
0 0.591406 0.793056 0.040625 0.072222
0 0.751563 0.681944 0.043750 0.069444
0 0.797266 0.663889 0.039844 0.072222
0 0.795312 0.562500 0.031250 0.072222
0 0.810547 0.624306 0.025781 0.054167
0 0.800000 0.702778 0.029687 0.044444
0 0.371094 0.722222 0.018750 0.038889
0 0.231641 0.507639 0.011719 0.018056
0 0.097656 0.519444 0.034375 0.047222
0 0.037500 0.556944 0.045312 0.058333
0 0.059766 0.663889 0.027344 0.030556
0 0.055859 0.459722 0.036719 0.055556
0 0.078125 0.370139 0.037500 0.054167
0 0.212109 0.425000 0.033594 0.055556
0 0.241797 0.585417 0.010156 0.015278
