0 0.110156 0.315278 0.059375 0.088889
0 0.011719 0.040972 0.021875 0.040278
0 0.977734 0.292361 0.044531 0.065278
0 0.213672 0.331250 0.057031 0.098611
0 0.216797 0.043750 0.067969 0.084722
0 0.577734 0.778472 0.016406 0.043056
0 0.575391 0.241667 0.027344 0.041667
0 0.886719 0.155556 0.057813 0.102778
0 0.644922 0.062500 0.053906 0.094444
0 0.719922 0.102083 0.052344 0.095833
0 0.912109 0.067361 0.033594 0.056944
0 0.814453 0.574306 0.017969 0.023611
0 0.723437 0.772917 0.060937 0.120833
0 0.852734 0.600694 0.067969 0.104167
0 0.662500 0.529861 0.062500 0.106944
0 0.861328 0.768750 0.039844 0.037500
0 0.503516 0.734722 0.053906 0.100000
0 0.994922 0.353472 0.010156 0.048611
0 0.563281 0.659722 0.054688 0.097222
0 0.412109 0.681944 0.064844 0.111111
0 0.457422 0.668750 0.027344 0.056944
0 0.672266 0.669444 0.030469 0.041667
0 0.560547 0.521528 0.036719 0.062500
0 0.152734 0.086111 0.060156 0.111111
0 0.196875 0.915972 0.060937 0.109722
0 0.717578 0.372917 0.039844 0.084722
0 0.664062 0.398611 0.068750 0.127778
0 0.146875 0.735417 0.089063 0.115278
0 0.222266 0.693056 0.060156 0.111111
0 0.858203 0.038194 0.052344 0.073611
0 0.014844 0.809028 0.028125 0.106944
0 0.015234 0.530556 0.016406 0.052778
0 0.364453 0.209722 0.066406 0.113889
0 0.326953 0.592361 0.082031 0.131944
0 0.682422 0.229167 0.071094 0.105556
0 0.153516 0.455556 0.072656 0.100000
0 0.986719 0.669444 0.026562 0.116667
0 0.194922 0.582639 0.085156 0.129167
0 0.181641 0.782639 0.049219 0.068056
0 0.239063 0.772222 0.065625 0.086111
0 0.592969 0.493750 0.035937 0.048611
0 0.155859 0.218056 0.057031 0.111111
0 0.191797 0.186806 0.027344 0.073611
0 0.254297 0.365278 0.035156 0.063889
0 0.962500 0.252778 0.028125 0.027778
