0 0.542188 0.113194 0.067187 0.129167
0 0.499609 0.094444 0.041406 0.100000
0 0.671875 0.103472 0.064062 0.101389
0 0.772656 0.047222 0.070312 0.091667
0 0.905859 0.243750 0.072656 0.118056
0 0.686328 0.236111 0.078906 0.116667
0 0.714453 0.350694 0.063281 0.106944
0 0.729688 0.482639 0.071875 0.137500
0 0.814063 0.593750 0.085938 0.137500
0 0.947266 0.617361 0.091406 0.140278
0 0.955469 0.727778 0.068750 0.111111
0 0.981641 0.800000 0.036719 0.100000
0 0.703125 0.940278 0.065625 0.119444
0 0.381641 0.652778 0.038281 0.044444
0 0.342578 0.709722 0.074219 0.133333
0 0.462500 0.548611 0.051562 0.083333
0 0.582031 0.318056 0.032813 0.058333
0 0.583984 0.396528 0.019531 0.065278
0 0.464062 0.843750 0.079687 0.143056
0 0.546875 0.815278 0.070312 0.125000
0 0.618750 0.812500 0.056250 0.077778
0 0.639453 0.761111 0.055469 0.097222
0 0.701562 0.613889 0.039062 0.041667
0 0.726953 0.748611 0.058594 0.125000
0 0.780859 0.709028 0.052344 0.106944
0 0.761719 0.794444 0.064062 0.097222
0 0.881250 0.715972 0.040625 0.051389
0 0.742578 0.568056 0.028906 0.058333
0 0.672266 0.778472 0.035156 0.093056
