0 0.959375 0.683333 0.031250 0.050000
0 0.882812 0.676389 0.026562 0.047222
0 0.989844 0.632639 0.020313 0.043056
0 0.932422 0.557639 0.025781 0.040278
0 0.858594 0.692361 0.025000 0.034722
0 0.802344 0.685417 0.012500 0.018056
0 0.873047 0.604167 0.035156 0.061111
0 0.762109 0.654167 0.019531 0.022222
0 0.806250 0.470833 0.034375 0.063889
0 0.921875 0.501389 0.025000 0.041667
0 0.801562 0.334722 0.035937 0.066667
0 0.778906 0.281250 0.021875 0.037500
0 0.962500 0.532639 0.026562 0.040278
0 0.923828 0.447917 0.027344 0.031944
0 0.987891 0.427778 0.024219 0.041667
0 0.912891 0.758333 0.016406 0.033333
0 0.685156 0.339583 0.025000 0.045833
0 0.760547 0.293750 0.033594 0.054167
0 0.435156 0.513889 0.037500 0.072222
0 0.677734 0.400694 0.017969 0.043056
0 0.673828 0.528472 0.032031 0.062500
0 0.745703 0.563194 0.035156 0.062500
0 0.725391 0.379167 0.024219 0.047222
0 0.714453 0.449306 0.025781 0.045833
0 0.660937 0.577778 0.028125 0.047222
0 0.685547 0.638889 0.017969 0.044444
0 0.709375 0.653472 0.029687 0.056944
0 0.534375 0.600694 0.026562 0.043056
0 0.450391 0.361806 0.025781 0.040278
0 0.530859 0.513889 0.024219 0.044444
0 0.443750 0.423611 0.034375 0.069444
0 0.356250 0.493750 0.020313 0.043056
0 0.391406 0.525694 0.010937 0.015278
0 0.457813 0.595139 0.025000 0.048611
0 0.340234 0.597917 0.039844 0.070833
0 0.383984 0.647917 0.028906 0.051389
0 0.491406 0.654861 0.023438 0.043056
0 0.444141 0.719444 0.013281 0.033333
0 0.416016 0.567361 0.025781 0.026389
0 0.512891 0.419444 0.021094 0.047222
0 0.387109 0.329167 0.052344 0.091667
0 0.354687 0.398611 0.046875 0.075000
0 0.270313 0.345139 0.046875 0.081944
0 0.494141 0.488889 0.025781 0.041667
0 0.394922 0.411806 0.032031 0.070833
0 0.477734 0.695139 0.027344 0.048611
0 0.129688 0.501389 0.060937 0.091667
0 0.495703 0.586111 0.025781 0.052778
0 0.392969 0.215278 0.042188 0.088889
0 0.338672 0.237500 0.019531 0.052778
0 0.291016 0.140972 0.032031 0.059722
0 0.066016 0.442361 0.063281 0.087500
0 0.122656 0.319444 0.053125 0.086111
0 0.366797 0.031944 0.047656 0.061111
