0 0.885156 0.252778 0.089063 0.150000
0 0.626563 0.716667 0.076563 0.158333
0 0.428906 0.545833 0.018750 0.038889
0 0.399609 0.069444 0.085156 0.133333
0 0.923438 0.661806 0.081250 0.115278
0 0.815625 0.828472 0.071875 0.109722
0 0.552344 0.086806 0.079687 0.154167
0 0.272266 0.943056 0.075781 0.113889
0 0.508984 0.242361 0.019531 0.034722
0 0.416406 0.617361 0.067187 0.120833
0 0.241406 0.697222 0.075000 0.122222
0 0.198047 0.900000 0.080469 0.141667
0 0.444141 0.220833 0.019531 0.030556
0 0.457422 0.314583 0.067969 0.115278
0 0.963281 0.429861 0.073438 0.170833
0 0.709375 0.713194 0.028125 0.031944
0 0.581641 0.863889 0.044531 0.091667
0 0.673047 0.667361 0.046094 0.093056
0 0.611719 0.495139 0.082812 0.159722
0 0.771484 0.264583 0.032031 0.062500
0 0.679688 0.542361 0.054688 0.098611
0 0.503125 0.022917 0.056250 0.040278
0 0.870703 0.552778 0.013281 0.027778
0 0.831250 0.275000 0.042188 0.113889
0 0.990234 0.323611 0.019531 0.050000
0 0.992969 0.034028 0.014063 0.056944
