0 0.977734 0.243056 0.044531 0.083333
0 0.923047 0.384028 0.016406 0.034722
0 0.985938 0.389583 0.026562 0.084722
0 0.978125 0.525000 0.039062 0.083333
0 0.986328 0.613194 0.027344 0.073611
0 0.867578 0.553472 0.016406 0.029167
0 0.832031 0.594444 0.032813 0.055556
0 0.805469 0.626389 0.035937 0.058333
0 0.812500 0.720139 0.015625 0.026389
0 0.771484 0.715972 0.030469 0.054167
0 0.835547 0.443750 0.032031 0.051389
0 0.808984 0.322222 0.027344 0.050000
0 0.732812 0.330556 0.025000 0.044444
0 0.729688 0.407639 0.026562 0.045833
0 0.769141 0.470833 0.027344 0.050000
0 0.792188 0.459028 0.020313 0.020833
0 0.739453 0.505556 0.030469 0.052778
0 0.712109 0.719444 0.013281 0.022222
0 0.680469 0.667361 0.026562 0.056944
0 0.656250 0.659722 0.023438 0.050000
0 0.585938 0.423611 0.029687 0.052778
0 0.596094 0.466667 0.018750 0.022222
0 0.541016 0.523611 0.032031 0.044444
0 0.550000 0.657639 0.020313 0.029167
0 0.573047 0.718750 0.013281 0.023611
0 0.550781 0.711806 0.037500 0.065278
0 0.506641 0.709028 0.036719 0.054167
0 0.505078 0.786111 0.038281 0.075000
0 0.546875 0.822917 0.037500 0.065278
0 0.570703 0.845833 0.030469 0.061111
0 0.455859 0.838194 0.049219 0.076389
0 0.422656 0.794444 0.017188 0.027778
0 0.407813 0.573611 0.015625 0.025000
0 0.471875 0.493750 0.017188 0.020833
0 0.505078 0.373611 0.017969 0.019444
0 0.502344 0.462500 0.017188 0.019444
0 0.385937 0.790972 0.048438 0.087500
0 0.223438 0.303472 0.048438 0.084722
0 0.343750 0.452778 0.048438 0.083333
0 0.163281 0.367361 0.050000 0.076389
0 0.220312 0.547917 0.043750 0.065278
0 0.248438 0.545833 0.021875 0.072222
0 0.317969 0.744444 0.057813 0.100000
0 0.229297 0.751389 0.063281 0.083333
0 0.230469 0.818056 0.051562 0.061111
0 0.210938 0.874306 0.023438 0.070833
0 0.249219 0.884722 0.050000 0.072222
0 0.214453 0.979167 0.042969 0.041667
