0 0.103906 0.145833 0.035937 0.055556
0 0.147266 0.181944 0.049219 0.075000
0 0.087891 0.275000 0.028906 0.069444
0 0.083984 0.409722 0.046094 0.063889
0 0.028125 0.456944 0.043750 0.069444
0 0.160156 0.388194 0.043750 0.073611
0 0.209375 0.268750 0.028125 0.034722
0 0.252734 0.181944 0.027344 0.050000
0 0.252734 0.151389 0.027344 0.033333
0 0.343750 0.197222 0.025000 0.050000
0 0.341406 0.163194 0.018750 0.020833
0 0.319922 0.303472 0.024219 0.048611
0 0.366406 0.318750 0.026562 0.051389
0 0.346094 0.318056 0.018750 0.019444
0 0.333984 0.356944 0.024219 0.025000
0 0.244531 0.368056 0.026562 0.058333
0 0.203516 0.329167 0.017969 0.036111
0 0.244141 0.434028 0.025781 0.048611
0 0.239063 0.499306 0.014063 0.018056
0 0.291016 0.460417 0.027344 0.051389
0 0.342578 0.456250 0.019531 0.043056
0 0.337109 0.483333 0.019531 0.019444
0 0.318750 0.518056 0.026562 0.047222
0 0.381250 0.400000 0.023438 0.050000
0 0.205469 0.565972 0.035937 0.056944
0 0.094141 0.638889 0.050781 0.077778
0 0.030469 0.694444 0.050000 0.080556
0 0.056250 0.726389 0.014063 0.025000
0 0.167187 0.752083 0.046875 0.076389
0 0.219531 0.731250 0.043750 0.073611
0 0.267969 0.682639 0.037500 0.070833
0 0.330078 0.736111 0.042969 0.063889
0 0.397266 0.827083 0.046094 0.090278
0 0.401172 0.307639 0.036719 0.076389
0 0.446484 0.368056 0.047656 0.088889
0 0.435156 0.432639 0.035937 0.068056
0 0.474609 0.511806 0.052344 0.101389
0 0.492969 0.699306 0.048438 0.079167
0 0.557031 0.516667 0.034375 0.036111
0 0.600000 0.486111 0.028125 0.058333
0 0.631250 0.500000 0.017188 0.038889
0 0.519141 0.462500 0.011719 0.027778
0 0.612891 0.392361 0.013281 0.037500
0 0.640234 0.361806 0.010156 0.026389
0 0.525391 0.240972 0.047656 0.090278
0 0.561719 0.269444 0.028125 0.066667
0 0.498828 0.149306 0.016406 0.040278
0 0.670312 0.680556 0.043750 0.066667
0 0.620313 0.797222 0.048438 0.083333
0 0.623828 0.658333 0.013281 0.033333
0 0.743359 0.152778 0.028906 0.058333
0 0.723047 0.300000 0.035156 0.058333
0 0.689453 0.416667 0.016406 0.027778
0 0.744922 0.424306 0.013281 0.023611
0 0.699609 0.493750 0.035156 0.059722
0 0.677344 0.513889 0.018750 0.025000
0 0.743359 0.500694 0.039844 0.068056
0 0.745703 0.620833 0.022656 0.041667
0 0.866016 0.340278 0.011719 0.038889
0 0.847266 0.504167 0.028906 0.052778
0 0.823438 0.543750 0.035937 0.056944
0 0.953125 0.563889 0.023438 0.069444
0 0.955859 0.711111 0.035156 0.047222
0 0.898828 0.715278 0.038281 0.038889
