0 0.010156 0.714583 0.018750 0.043056
0 0.026953 0.747917 0.024219 0.045833
0 0.017188 0.818056 0.028125 0.041667
0 0.035547 0.816667 0.014844 0.036111
0 0.144531 0.861806 0.029687 0.054167
0 0.173437 0.821528 0.031250 0.051389
0 0.197656 0.884722 0.031250 0.061111
0 0.182031 0.911806 0.032813 0.054167
0 0.163672 0.936806 0.021094 0.045833
0 0.245703 0.888889 0.030469 0.058333
0 0.236328 0.734028 0.030469 0.037500
0 0.248828 0.690278 0.025781 0.047222
0 0.282031 0.596528 0.028125 0.043056
0 0.308594 0.751389 0.026562 0.052778
0 0.352734 0.779861 0.024219 0.048611
0 0.355469 0.855556 0.026562 0.047222
0 0.372656 0.878472 0.017188 0.029167
0 0.283984 0.869444 0.022656 0.038889
0 0.298828 0.923611 0.017969 0.038889
0 0.252344 0.933333 0.025000 0.055556
0 0.264453 0.980556 0.027344 0.038889
0 0.297266 0.980556 0.019531 0.038889
0 0.317969 0.958333 0.007812 0.025000
0 0.374219 0.987500 0.012500 0.025000
0 0.421484 0.949306 0.021094 0.034722
0 0.435937 0.863889 0.018750 0.041667
0 0.433594 0.972917 0.020313 0.029167
0 0.446094 0.927083 0.021875 0.043056
0 0.496875 0.945833 0.028125 0.052778
0 0.495312 0.879167 0.032813 0.055556
0 0.557031 0.913194 0.031250 0.056944
0 0.573047 0.959028 0.022656 0.034722
0 0.528906 0.977083 0.021875 0.045833
0 0.542188 0.955556 0.015625 0.019444
0 0.486328 0.980556 0.024219 0.038889
0 0.578906 0.661111 0.039062 0.061111
0 0.579688 0.738889 0.017188 0.025000
0 0.658594 0.761806 0.028125 0.043056
0 0.646484 0.847222 0.032031 0.058333
0 0.692578 0.908333 0.027344 0.047222
0 0.716016 0.963889 0.019531 0.022222
0 0.657422 0.948611 0.013281 0.033333
0 0.762500 0.773611 0.059375 0.102778
0 0.678906 0.705556 0.012500 0.036111
0 0.696094 0.675694 0.043750 0.048611
0 0.660156 0.575694 0.056250 0.098611
0 0.657031 0.502083 0.035937 0.045833
0 0.797266 0.434028 0.011719 0.043056
0 0.889453 0.452083 0.064844 0.101389
0 0.836719 0.657639 0.057813 0.101389
0 0.892188 0.851389 0.054688 0.091667
0 0.956641 0.722917 0.046094 0.084722
0 0.750781 0.377778 0.048438 0.083333
0 0.825781 0.313194 0.056250 0.093056
0 0.839063 0.262500 0.039062 0.058333
0 0.800000 0.204861 0.051562 0.081944
0 0.015625 0.916667 0.026562 0.047222
0 0.017578 0.975694 0.025781 0.045833
