0 0.784375 0.475000 0.059375 0.094444
0 0.791406 0.352778 0.050000 0.077778
0 0.858594 0.543056 0.026562 0.033333
0 0.841406 0.690278 0.053125 0.097222
0 0.488672 0.810417 0.032031 0.062500
0 0.703125 0.777778 0.012500 0.027778
0 0.504297 0.730556 0.036719 0.069444
0 0.856250 0.174306 0.034375 0.048611
0 0.717187 0.577083 0.021875 0.048611
0 0.708203 0.636111 0.041406 0.063889
0 0.716016 0.815972 0.011719 0.023611
0 0.676562 0.722917 0.034375 0.068056
0 0.578906 0.609722 0.028125 0.050000
0 0.591406 0.785417 0.035937 0.073611
0 0.652344 0.844444 0.014063 0.038889
0 0.333594 0.847222 0.018750 0.038889
0 0.398438 0.854167 0.021875 0.044444
0 0.326172 0.810417 0.025781 0.048611
0 0.018750 0.618750 0.035937 0.079167
0 0.339062 0.718750 0.025000 0.045833
0 0.007031 0.750000 0.012500 0.036111
0 0.367969 0.745139 0.014063 0.026389
0 0.346094 0.654167 0.017188 0.030556
0 0.295703 0.595139 0.028906 0.059722
0 0.291016 0.678472 0.028906 0.062500
0 0.071484 0.904167 0.010156 0.030556
0 0.205078 0.918750 0.027344 0.040278
0 0.405078 0.891667 0.011719 0.027778
0 0.255469 0.922222 0.020313 0.041667
0 0.147266 0.765278 0.007031 0.030556
0 0.191406 0.818750 0.037500 0.073611
0 0.213281 0.765972 0.014063 0.018056
0 0.080078 0.696528 0.042969 0.065278
0 0.220703 0.329167 0.033594 0.047222
0 0.185547 0.429861 0.044531 0.051389
0 0.189062 0.475000 0.010937 0.027778
0 0.138281 0.476389 0.021875 0.025000
0 0.065625 0.572917 0.053125 0.079167
0 0.187500 0.682639 0.053125 0.084722
0 0.111328 0.547222 0.016406 0.025000
0 0.247656 0.538889 0.035937 0.072222
0 0.122266 0.658333 0.047656 0.083333
0 0.034375 0.720139 0.048438 0.070833
0 0.061719 0.881250 0.025000 0.043056
0 0.151172 0.852778 0.039844 0.050000
0 0.280859 0.909028 0.016406 0.015278
0 0.469922 0.899306 0.013281 0.020833
0 0.477734 0.979167 0.019531 0.016667
0 0.522266 0.854167 0.035156 0.061111
0 0.560937 0.835417 0.028125 0.065278
0 0.970703 0.354861 0.058594 0.126389
0 0.992188 0.202778 0.015625 0.083333
0 0.855078 0.112500 0.025781 0.077778
