0 0.821875 0.296528 0.064062 0.093056
0 0.790625 0.524306 0.054688 0.059722
0 0.317188 0.397917 0.067187 0.109722
0 0.103516 0.039583 0.063281 0.076389
0 0.901563 0.646528 0.060937 0.104167
0 0.190234 0.436111 0.072656 0.127778
0 0.421094 0.728472 0.067187 0.123611
0 0.855859 0.572917 0.066406 0.115278
0 0.292969 0.545139 0.060937 0.118056
0 0.060937 0.559028 0.120313 0.190278
0 0.179297 0.766667 0.066406 0.119444
0 0.113672 0.579861 0.057031 0.148611
0 0.033984 0.259028 0.066406 0.204167
0 0.991797 0.420833 0.016406 0.061111
0 0.965234 0.418750 0.016406 0.023611
0 0.683594 0.738889 0.084375 0.141667
0 0.655078 0.527778 0.025781 0.036111
0 0.489453 0.544444 0.052344 0.119444
0 0.646875 0.225000 0.056250 0.100000
0 0.481250 0.236111 0.109375 0.186111
0 0.416016 0.055556 0.080469 0.108333
0 0.582422 0.135417 0.032031 0.079167
0 0.868359 0.154861 0.060156 0.118056
0 0.985156 0.547222 0.029687 0.100000
0 0.896484 0.431944 0.067969 0.097222
