0 0.707422 0.343056 0.032031 0.047222
0 0.744141 0.420833 0.028906 0.050000
0 0.678125 0.365278 0.023438 0.044444
0 0.675000 0.446528 0.023438 0.043056
0 0.670703 0.542361 0.025781 0.051389
0 0.662891 0.587500 0.010156 0.027778
0 0.655859 0.544444 0.007031 0.041667
0 0.680469 0.625694 0.031250 0.051389
0 0.656641 0.644444 0.019531 0.033333
0 0.697266 0.733333 0.032031 0.041667
0 0.722266 0.750694 0.016406 0.031944
0 0.727734 0.788194 0.011719 0.018056
0 0.757031 0.782639 0.017188 0.023611
0 0.780859 0.757639 0.011719 0.018056
0 0.807813 0.759028 0.020313 0.037500
0 0.761328 0.563194 0.032031 0.054167
0 0.796094 0.531944 0.029687 0.058333
0 0.831250 0.531944 0.025000 0.055556
0 0.793750 0.610417 0.029687 0.034722
0 0.753516 0.656250 0.010156 0.026389
0 0.780078 0.700694 0.019531 0.026389
0 0.750000 0.741667 0.012500 0.038889
0 0.610938 0.750694 0.018750 0.040278
0 0.592969 0.752778 0.018750 0.036111
0 0.557813 0.794444 0.009375 0.022222
0 0.488672 0.716667 0.017969 0.030556
0 0.521094 0.666667 0.025000 0.047222
0 0.540625 0.733333 0.020313 0.038889
0 0.566797 0.698611 0.019531 0.044444
0 0.583594 0.686806 0.017188 0.037500
0 0.584375 0.612500 0.018750 0.036111
0 0.571875 0.538889 0.020313 0.030556
0 0.548828 0.613194 0.019531 0.029167
0 0.530078 0.624306 0.017969 0.037500
0 0.523047 0.578472 0.016406 0.034722
0 0.526953 0.535417 0.016406 0.026389
0 0.495312 0.550000 0.026562 0.055556
0 0.501563 0.436806 0.029687 0.048611
0 0.471484 0.388194 0.028906 0.059722
0 0.400781 0.390972 0.026562 0.045833
0 0.381641 0.438194 0.025781 0.040278
0 0.435156 0.442361 0.025000 0.051389
0 0.414062 0.496528 0.021875 0.040278
0 0.393750 0.570139 0.031250 0.056944
0 0.362500 0.559722 0.012500 0.019444
0 0.369531 0.600694 0.031250 0.048611
0 0.366406 0.652778 0.023438 0.047222
0 0.389062 0.651389 0.017188 0.025000
0 0.402734 0.679167 0.028906 0.044444
0 0.450391 0.611806 0.027344 0.054167
0 0.497656 0.779861 0.012500 0.018056
0 0.142187 0.667361 0.032813 0.048611
0 0.158594 0.615278 0.021875 0.038889
0 0.183984 0.555556 0.030469 0.058333
0 0.205078 0.577083 0.027344 0.043056
0 0.191406 0.486806 0.043750 0.068056
0 0.214844 0.486111 0.017188 0.052778
0 0.031641 0.574306 0.038281 0.034722
0 0.080859 0.554861 0.058594 0.068056
0 0.042578 0.470833 0.038281 0.052778
0 0.169531 0.356250 0.054688 0.081944
0 0.186719 0.380556 0.039062 0.066667
0 0.219531 0.394444 0.029687 0.072222
0 0.236328 0.315278 0.055469 0.088889
0 0.252734 0.208333 0.041406 0.063889
0 0.108203 0.270833 0.030469 0.038889
0 0.063281 0.237500 0.053125 0.094444
0 0.100391 0.142361 0.032031 0.034722
0 0.098828 0.033333 0.033594 0.063889
