0 0.086328 0.240972 0.063281 0.095833
0 0.087500 0.109028 0.060937 0.081944
0 0.014063 0.288194 0.025000 0.076389
0 0.223047 0.158333 0.050781 0.077778
0 0.461719 0.199306 0.059375 0.109722
0 0.540234 0.749306 0.064844 0.126389
0 0.510547 0.324306 0.052344 0.093056
0 0.662500 0.226389 0.054688 0.091667
0 0.685156 0.051389 0.060937 0.100000
0 0.774609 0.050000 0.061719 0.097222
0 0.849609 0.246528 0.063281 0.106944
0 0.942578 0.476389 0.058594 0.105556
0 0.867188 0.551389 0.056250 0.088889
0 0.796094 0.534028 0.071875 0.123611
0 0.848047 0.754167 0.077344 0.125000
0 0.732031 0.604167 0.056250 0.100000
0 0.659375 0.809722 0.040625 0.102778
0 0.749219 0.914583 0.059375 0.095833
0 0.667578 0.622917 0.041406 0.087500
0 0.532422 0.600694 0.036719 0.065278
0 0.440234 0.776389 0.074219 0.125000
0 0.632422 0.461111 0.058594 0.091667
0 0.575781 0.323611 0.045312 0.088889
0 0.400781 0.413889 0.037500 0.080556
0 0.407422 0.632639 0.035156 0.093056
0 0.357422 0.743750 0.053906 0.101389
0 0.440234 0.886111 0.064844 0.088889
0 0.604297 0.415278 0.057031 0.077778
0 0.269141 0.704167 0.063281 0.119444
0 0.203906 0.749306 0.062500 0.104167
0 0.436719 0.142361 0.035937 0.048611
0 0.259766 0.539583 0.064844 0.101389
0 0.602344 0.765278 0.031250 0.083333
0 0.075391 0.763194 0.080469 0.123611
0 0.195312 0.819444 0.025000 0.025000
0 0.317969 0.621528 0.026562 0.059722
0 0.009766 0.457639 0.017969 0.076389
0 0.290234 0.266667 0.052344 0.094444
0 0.164453 0.422917 0.058594 0.090278
0 0.199609 0.381250 0.053906 0.076389
0 0.269141 0.361111 0.041406 0.083333
0 0.060547 0.670139 0.036719 0.056944
0 0.040625 0.464583 0.021875 0.031944
0 0.386328 0.838889 0.021094 0.027778
0 0.606250 0.669444 0.020313 0.033333
