0 0.806250 0.124306 0.025000 0.065278
0 0.969531 0.773611 0.023438 0.047222
0 0.300000 0.178472 0.071875 0.118056
0 0.018750 0.288194 0.035937 0.154167
0 0.980078 0.615278 0.039844 0.172222
0 0.212500 0.448611 0.065625 0.113889
0 0.345703 0.495139 0.024219 0.029167
0 0.848828 0.423611 0.046094 0.100000
0 0.408984 0.567361 0.016406 0.031944
0 0.018359 0.656250 0.035156 0.059722
0 0.107031 0.797917 0.084375 0.118056
0 0.141406 0.632639 0.084375 0.090278
0 0.966797 0.233333 0.066406 0.136111
0 0.936719 0.871528 0.087500 0.118056
0 0.555078 0.561111 0.041406 0.061111
0 0.332422 0.813194 0.092969 0.170833
0 0.568750 0.623611 0.075000 0.138889
0 0.389453 0.245833 0.069531 0.111111
0 0.075000 0.069444 0.029687 0.044444
0 0.589063 0.311806 0.068750 0.109722
0 0.631641 0.152778 0.063281 0.122222
0 0.939844 0.436806 0.051562 0.084722
0 0.652344 0.691667 0.025000 0.102778
0 0.721484 0.579167 0.092969 0.152778
0 0.671484 0.457639 0.069531 0.112500
0 0.841797 0.772222 0.049219 0.050000
0 0.996484 0.090972 0.007031 0.068056
