0 0.730078 0.163889 0.052344 0.083333
0 0.766406 0.272917 0.057813 0.095833
0 0.819531 0.426389 0.057813 0.100000
0 0.681250 0.297917 0.050000 0.084722
0 0.669922 0.395139 0.021094 0.031944
0 0.738672 0.602778 0.055469 0.100000
0 0.787109 0.696528 0.038281 0.076389
0 0.738672 0.795833 0.055469 0.088889
0 0.671484 0.683333 0.060156 0.105556
0 0.600391 0.447917 0.057031 0.106944
0 0.582422 0.209028 0.021094 0.070833
0 0.594531 0.263194 0.018750 0.023611
0 0.534766 0.412500 0.044531 0.072222
0 0.517969 0.518056 0.037500 0.044444
0 0.578906 0.575694 0.021875 0.051389
0 0.474609 0.527778 0.057031 0.072222
0 0.500781 0.596528 0.010937 0.029167
0 0.478906 0.677778 0.040625 0.036111
0 0.523438 0.729861 0.035937 0.068056
0 0.391016 0.626389 0.028906 0.050000
0 0.455078 0.742361 0.032031 0.065278
0 0.486719 0.808333 0.021875 0.052778
0 0.504687 0.882639 0.010937 0.020833
0 0.442969 0.849306 0.010937 0.040278
0 0.359766 0.797917 0.035156 0.068056
0 0.355469 0.845139 0.028125 0.048611
0 0.285156 0.741667 0.031250 0.058333
0 0.274219 0.815278 0.034375 0.055556
0 0.307422 0.860417 0.028906 0.056944
0 0.299609 0.899306 0.017969 0.026389
0 0.298438 0.983333 0.028125 0.033333
0 0.226953 0.852083 0.025781 0.040278
0 0.235547 0.881944 0.013281 0.036111
0 0.208594 0.748611 0.010937 0.025000
0 0.172266 0.715278 0.027344 0.044444
0 0.185156 0.787500 0.026562 0.047222
0 0.151562 0.806250 0.028125 0.051389
0 0.161328 0.839583 0.022656 0.037500
0 0.153125 0.988889 0.025000 0.022222
0 0.084766 0.911111 0.021094 0.044444
0 0.023828 0.911111 0.028906 0.050000
0 0.012891 0.737500 0.022656 0.055556
0 0.085156 0.722917 0.014063 0.029167
0 0.091016 0.677778 0.036719 0.058333
0 0.099219 0.593750 0.037500 0.062500
0 0.044141 0.536111 0.039844 0.066667
0 0.023438 0.330556 0.040625 0.050000
