0 0.871094 0.019444 0.060937 0.036111
0 0.635938 0.404861 0.035937 0.037500
0 0.269922 0.673611 0.097656 0.163889
0 0.119531 0.227778 0.081250 0.111111
0 0.955859 0.650694 0.085156 0.131944
0 0.192188 0.628472 0.012500 0.029167
0 0.687500 0.938194 0.089063 0.123611
0 0.963672 0.086806 0.072656 0.118056
0 0.346484 0.313194 0.072656 0.126389
0 0.010937 0.866667 0.020313 0.119444
0 0.404297 0.615278 0.099219 0.180556
0 0.309375 0.613194 0.065625 0.118056
0 0.856641 0.080556 0.041406 0.080556
0 0.844922 0.697222 0.032031 0.063889
0 0.594922 0.096528 0.019531 0.048611
0 0.700391 0.669444 0.102344 0.186111
0 0.440625 0.470139 0.065625 0.129167
0 0.878516 0.269444 0.086719 0.144444
0 0.034375 0.143056 0.067187 0.108333
0 0.388281 0.139583 0.073438 0.140278
0 0.734766 0.225694 0.085156 0.134722
0 0.888281 0.554861 0.084375 0.137500
0 0.755469 0.730556 0.053125 0.127778
0 0.750000 0.472222 0.040625 0.091667
0 0.642188 0.445833 0.060937 0.083333
0 0.823828 0.797917 0.047656 0.081944
