0 0.881641 0.359028 0.088281 0.137500
0 0.486719 0.623611 0.070312 0.116667
0 0.319922 0.476389 0.030469 0.030556
0 0.514844 0.125694 0.031250 0.062500
0 0.989062 0.050000 0.021875 0.083333
0 0.924219 0.604861 0.018750 0.068056
0 0.894531 0.482639 0.067187 0.115278
0 0.652344 0.144444 0.059375 0.111111
0 0.647266 0.729861 0.060156 0.109722
0 0.683984 0.349306 0.033594 0.040278
0 0.386719 0.659722 0.081250 0.133333
0 0.277344 0.529167 0.079687 0.125000
0 0.564844 0.625694 0.046875 0.068056
0 0.661719 0.258333 0.064062 0.130556
0 0.410547 0.389583 0.050781 0.076389
0 0.616406 0.040972 0.087500 0.079167
0 0.959766 0.543750 0.072656 0.106944
0 0.842578 0.025000 0.066406 0.047222
0 0.660547 0.536111 0.055469 0.116667
0 0.699609 0.580556 0.063281 0.100000
0 0.716016 0.486806 0.063281 0.109722
0 0.743359 0.357639 0.078906 0.140278
0 0.829688 0.513889 0.035937 0.047222
0 0.579297 0.561111 0.058594 0.091667
0 0.617188 0.586806 0.042188 0.093056
0 0.459766 0.100000 0.035156 0.036111
0 0.518359 0.210417 0.013281 0.070833
0 0.966797 0.014583 0.030469 0.026389
0 0.690234 0.381944 0.019531 0.041667
