0 0.018359 0.031250 0.035156 0.059722
0 0.037500 0.675694 0.073438 0.168056
0 0.179297 0.752778 0.094531 0.155556
0 0.331250 0.818750 0.028125 0.070833
0 0.274219 0.655556 0.092188 0.136111
0 0.307422 0.487500 0.063281 0.122222
0 0.395313 0.494444 0.084375 0.138889
0 0.354297 0.293750 0.100781 0.179167
0 0.535156 0.331250 0.056250 0.106944
0 0.423047 0.077083 0.097656 0.151389
0 0.533984 0.020833 0.058594 0.038889
0 0.553906 0.464583 0.025000 0.040278
0 0.641406 0.641667 0.085938 0.150000
0 0.464453 0.681944 0.035156 0.077778
0 0.451953 0.851389 0.086719 0.155556
0 0.676562 0.845139 0.039062 0.054167
0 0.742188 0.075694 0.068750 0.129167
0 0.789062 0.029167 0.046875 0.055556
0 0.957812 0.196528 0.065625 0.104167
0 0.848047 0.270833 0.055469 0.088889
0 0.897656 0.316667 0.071875 0.108333
0 0.983203 0.752778 0.033594 0.150000
0 0.851172 0.750694 0.100781 0.168056
0 0.908594 0.617361 0.035937 0.034722
0 0.963672 0.701389 0.024219 0.044444
0 0.280469 0.379167 0.012500 0.019444
0 0.603516 0.298611 0.038281 0.038889
0 0.670312 0.320139 0.026562 0.023611
