0 0.775391 0.232639 0.082031 0.151389
0 0.518750 0.698611 0.076563 0.158333
0 0.352344 0.531944 0.018750 0.038889
0 0.300781 0.057639 0.081250 0.112500
0 0.819922 0.638889 0.069531 0.113889
0 0.724219 0.799306 0.071875 0.109722
0 0.452344 0.071528 0.079687 0.140278
0 0.176172 0.918056 0.075781 0.113889
0 0.444531 0.233333 0.015625 0.050000
0 0.329688 0.590278 0.065625 0.116667
0 0.150781 0.668056 0.075000 0.122222
0 0.105078 0.865972 0.082031 0.131944
0 0.366016 0.205556 0.019531 0.030556
0 0.362891 0.292361 0.061719 0.118056
0 0.861328 0.406944 0.094531 0.155556
0 0.626172 0.692361 0.016406 0.023611
0 0.501953 0.833333 0.053906 0.097222
0 0.591797 0.643056 0.052344 0.100000
0 0.491406 0.471528 0.082812 0.159722
0 0.604688 0.514583 0.048438 0.090278
0 0.542969 0.562500 0.035937 0.105556
0 0.394922 0.011111 0.016406 0.019444
0 0.694922 0.622222 0.025781 0.027778
0 0.696094 0.247222 0.037500 0.058333
0 0.737500 0.261806 0.031250 0.090278
0 0.925391 0.040278 0.064844 0.077778
0 0.975000 0.809722 0.050000 0.133333
