0 0.970313 0.558333 0.037500 0.066667
0 0.892969 0.622917 0.048438 0.070833
0 0.939063 0.393056 0.021875 0.033333
0 0.802734 0.402778 0.021094 0.044444
0 0.792578 0.344444 0.047656 0.080556
0 0.693359 0.596528 0.035156 0.062500
0 0.603125 0.479861 0.023438 0.026389
0 0.671094 0.359722 0.035937 0.066667
0 0.645312 0.311111 0.043750 0.077778
0 0.613672 0.357639 0.011719 0.015278
0 0.701172 0.258333 0.047656 0.088889
0 0.654687 0.143750 0.037500 0.073611
0 0.730469 0.177778 0.035937 0.050000
0 0.674219 0.423611 0.021875 0.022222
0 0.288672 0.117361 0.014844 0.045833
0 0.299609 0.186806 0.035156 0.065278
0 0.332031 0.300000 0.026562 0.047222
0 0.396094 0.406250 0.042188 0.073611
0 0.438672 0.492361 0.032031 0.068056
0 0.333984 0.460417 0.039844 0.070833
0 0.318359 0.508333 0.044531 0.055556
0 0.297656 0.611111 0.020313 0.038889
0 0.290234 0.524306 0.022656 0.026389
0 0.282813 0.457639 0.031250 0.068056
0 0.215234 0.390972 0.032031 0.065278
0 0.230078 0.425000 0.017969 0.019444
0 0.112109 0.263889 0.036719 0.058333
0 0.141016 0.302778 0.030469 0.055556
0 0.131250 0.372917 0.020313 0.051389
0 0.140625 0.468750 0.039062 0.062500
0 0.091016 0.464583 0.041406 0.070833
0 0.092188 0.560417 0.021875 0.029167
0 0.086719 0.051389 0.035937 0.069444
0 0.047656 0.066667 0.032813 0.038889
0 0.077734 0.187500 0.038281 0.066667
0 0.018750 0.154861 0.031250 0.051389
0 0.009766 0.202083 0.017969 0.037500
0 0.004687 0.350000 0.007812 0.050000
0 0.037109 0.478472 0.042969 0.076389
