0 0.980078 0.446528 0.032031 0.054167
0 0.634375 0.425000 0.018750 0.033333
0 0.942578 0.510417 0.011719 0.018056
0 0.869531 0.763194 0.034375 0.051389
0 0.900781 0.493056 0.010937 0.013889
0 0.960547 0.532639 0.025781 0.045833
0 0.954297 0.672222 0.028906 0.052778
0 0.965234 0.785417 0.030469 0.045833
0 0.892969 0.680556 0.029687 0.052778
0 0.909375 0.795139 0.029687 0.051389
0 0.734766 0.681250 0.022656 0.045833
0 0.708984 0.696528 0.024219 0.043056
0 0.761328 0.648611 0.028906 0.041667
0 0.706250 0.624306 0.018750 0.034722
0 0.667188 0.487500 0.020313 0.036111
0 0.668750 0.656944 0.021875 0.041667
0 0.644531 0.533333 0.018750 0.027778
0 0.626563 0.454167 0.012500 0.030556
0 0.611328 0.609028 0.025781 0.045833
0 0.607812 0.523611 0.026562 0.047222
0 0.588672 0.414583 0.022656 0.043056
0 0.522656 0.364583 0.018750 0.020833
0 0.518359 0.386111 0.017969 0.038889
0 0.622656 0.732639 0.017188 0.031944
0 0.565234 0.502778 0.025781 0.044444
0 0.628125 0.681944 0.014063 0.033333
0 0.626563 0.609722 0.014063 0.036111
0 0.621875 0.649306 0.017188 0.031944
0 0.536719 0.580556 0.020313 0.038889
0 0.498437 0.375000 0.021875 0.038889
0 0.532813 0.559028 0.014063 0.012500
0 0.491797 0.622917 0.027344 0.034722
0 0.431641 0.524306 0.024219 0.043056
0 0.554688 0.627083 0.026562 0.048611
0 0.567187 0.668750 0.021875 0.040278
0 0.548828 0.722917 0.027344 0.040278
0 0.522656 0.715972 0.021875 0.031944
0 0.467187 0.661806 0.035937 0.062500
0 0.357422 0.301389 0.036719 0.066667
0 0.424219 0.345139 0.007812 0.018056
0 0.307031 0.320139 0.032813 0.054167
0 0.333203 0.380556 0.030469 0.055556
0 0.407031 0.265972 0.034375 0.056944
0 0.292187 0.706250 0.034375 0.051389
0 0.336719 0.666667 0.025000 0.022222
0 0.290625 0.644444 0.045312 0.069444
0 0.228125 0.593056 0.042188 0.063889
0 0.235937 0.635417 0.029687 0.026389
0 0.174609 0.268750 0.027344 0.051389
0 0.126953 0.266667 0.027344 0.038889
0 0.103125 0.336111 0.026562 0.044444
0 0.100000 0.393750 0.031250 0.037500
0 0.050391 0.418056 0.032031 0.044444
0 0.102344 0.523611 0.034375 0.058333
0 0.030078 0.603472 0.033594 0.048611
0 0.045703 0.548611 0.035156 0.058333
0 0.464453 0.571528 0.024219 0.037500
0 0.471484 0.606250 0.024219 0.034722
0 0.454688 0.473611 0.009375 0.016667
0 0.382031 0.365972 0.039062 0.065278
0 0.308594 0.367361 0.006250 0.020833
0 0.336719 0.456944 0.034375 0.050000
0 0.380469 0.529167 0.039062 0.069444
0 0.322266 0.516667 0.010156 0.016667
0 0.210547 0.627778 0.019531 0.041667
0 0.184375 0.621528 0.034375 0.056944
0 0.157422 0.688889 0.022656 0.013889
0 0.138672 0.632639 0.035156 0.059722
0 0.144922 0.567361 0.016406 0.018056
0 0.180078 0.514583 0.011719 0.031944
0 0.193359 0.459028 0.019531 0.043056
0 0.177734 0.437500 0.024219 0.044444
0 0.167578 0.388194 0.028906 0.051389
