0 0.061328 0.246528 0.035156 0.068056
0 0.137109 0.205556 0.016406 0.033333
0 0.319531 0.469444 0.064062 0.080556
0 0.104688 0.768056 0.118750 0.205556
0 0.007812 0.902778 0.014063 0.027778
0 0.218359 0.556944 0.053906 0.130556
0 0.362109 0.739583 0.072656 0.137500
0 0.455859 0.515278 0.089844 0.152778
0 0.639453 0.205556 0.039844 0.072222
0 0.415234 0.115278 0.083594 0.161111
0 0.968750 0.959028 0.062500 0.076389
0 0.492578 0.824306 0.060156 0.112500
0 0.668359 0.761111 0.108594 0.180556
0 0.594922 0.337500 0.058594 0.097222
0 0.862500 0.675694 0.068750 0.084722
0 0.929297 0.814583 0.114844 0.184722
0 0.937500 0.569444 0.075000 0.077778
0 0.884375 0.477083 0.076563 0.126389
0 0.980078 0.138194 0.039844 0.120833
0 0.450781 0.024306 0.034375 0.045833
0 0.943750 0.403472 0.026562 0.048611
0 0.752734 0.051389 0.071094 0.100000
