0 0.916406 0.027778 0.062500 0.052778
0 0.881641 0.640972 0.025781 0.062500
0 0.250000 0.279861 0.071875 0.118056
0 0.161719 0.204167 0.075000 0.113889
0 0.972656 0.616667 0.054688 0.150000
0 0.310547 0.640972 0.019531 0.043056
0 0.792188 0.953472 0.087500 0.093056
0 0.932813 0.150000 0.040625 0.083333
0 0.543750 0.515972 0.064062 0.123611
0 0.121875 0.879167 0.109375 0.180556
0 0.400781 0.698611 0.082812 0.163889
0 0.419141 0.631250 0.061719 0.081944
0 0.958203 0.059722 0.066406 0.100000
0 0.903906 0.856944 0.062500 0.086111
0 0.718750 0.456944 0.026562 0.025000
0 0.539062 0.652778 0.095312 0.155556
0 0.456250 0.365278 0.065625 0.116667
0 0.845703 0.308333 0.086719 0.144444
0 0.038672 0.175694 0.046094 0.098611
0 0.501172 0.206944 0.064844 0.122222
0 0.691406 0.170139 0.018750 0.043056
0 0.969531 0.345833 0.060937 0.138889
0 0.722266 0.866667 0.033594 0.050000
0 0.838672 0.527778 0.057031 0.105556
0 0.735938 0.497222 0.060937 0.083333
0 0.830469 0.723611 0.103125 0.180556
0 0.863281 0.808333 0.037500 0.066667
