0 0.092188 0.286806 0.039062 0.054167
0 0.104688 0.322917 0.017188 0.029167
0 0.043750 0.399306 0.040625 0.059722
0 0.101562 0.425694 0.039062 0.059722
0 0.109375 0.540278 0.034375 0.063889
0 0.055859 0.508333 0.022656 0.052778
0 0.048828 0.618056 0.038281 0.055556
0 0.050391 0.685417 0.035156 0.045833
0 0.008203 0.679861 0.014844 0.051389
0 0.504297 0.285417 0.041406 0.076389
0 0.522266 0.417361 0.032031 0.062500
0 0.253516 0.323611 0.014844 0.044444
0 0.263281 0.391667 0.026562 0.050000
0 0.280469 0.467361 0.021875 0.029167
0 0.187891 0.550694 0.030469 0.051389
0 0.248438 0.607639 0.029687 0.051389
0 0.293750 0.632639 0.031250 0.065278
0 0.272266 0.663194 0.028906 0.048611
0 0.242188 0.657639 0.014063 0.018056
0 0.244531 0.724306 0.015625 0.018056
0 0.314063 0.515278 0.031250 0.052778
0 0.341016 0.591667 0.030469 0.063889
0 0.369531 0.644444 0.017188 0.036111
0 0.505859 0.607639 0.038281 0.070833
0 0.363672 0.739583 0.039844 0.076389
0 0.549219 0.252778 0.037500 0.038889
0 0.579688 0.315972 0.043750 0.079167
0 0.514844 0.379167 0.017188 0.016667
0 0.399219 0.622917 0.039062 0.073611
0 0.607812 0.534028 0.037500 0.076389
0 0.410938 0.777778 0.040625 0.072222
0 0.578516 0.671528 0.039844 0.054167
0 0.612891 0.640972 0.036719 0.081944
0 0.654687 0.605556 0.032813 0.061111
0 0.648438 0.680556 0.034375 0.052778
0 0.570703 0.775694 0.030469 0.054167
0 0.388672 0.554167 0.011719 0.019444
