0 0.973828 0.510417 0.036719 0.059722
0 0.955859 0.513889 0.019531 0.047222
0 0.911719 0.506944 0.039062 0.061111
0 0.897266 0.388889 0.039844 0.066667
0 0.832031 0.374306 0.035937 0.059722
0 0.870703 0.247917 0.036719 0.062500
0 0.757031 0.233333 0.028125 0.047222
0 0.743359 0.231250 0.014844 0.045833
0 0.693750 0.351389 0.032813 0.055556
0 0.678125 0.438889 0.029687 0.050000
0 0.715234 0.487500 0.022656 0.050000
0 0.680859 0.529861 0.032031 0.054167
0 0.846484 0.462500 0.024219 0.036111
0 0.829297 0.482639 0.032031 0.051389
0 0.847656 0.589583 0.034375 0.054167
0 0.783203 0.542361 0.036719 0.065278
0 0.810937 0.660417 0.037500 0.056944
0 0.834766 0.648611 0.019531 0.041667
0 0.696484 0.621528 0.022656 0.031944
0 0.591797 0.570833 0.032031 0.058333
0 0.536719 0.171528 0.031250 0.062500
0 0.496875 0.192361 0.025000 0.043056
0 0.478906 0.275000 0.023438 0.047222
0 0.534375 0.309028 0.032813 0.059722
0 0.557813 0.359722 0.025000 0.052778
0 0.575781 0.386806 0.021875 0.051389
0 0.567578 0.452083 0.013281 0.040278
0 0.535547 0.514583 0.010156 0.023611
0 0.557031 0.574306 0.034375 0.062500
0 0.512891 0.586111 0.032031 0.061111
0 0.548438 0.643056 0.012500 0.019444
0 0.472656 0.468750 0.032813 0.065278
0 0.432422 0.372222 0.030469 0.052778
0 0.472656 0.335417 0.028125 0.040278
0 0.423438 0.503472 0.034375 0.062500
0 0.423047 0.561111 0.028906 0.052778
0 0.396094 0.539583 0.035937 0.068056
0 0.361328 0.529861 0.027344 0.034722
0 0.323828 0.580556 0.047656 0.077778
0 0.197656 0.429167 0.046875 0.086111
0 0.198437 0.354861 0.012500 0.043056
0 0.312891 0.204167 0.030469 0.061111
0 0.264062 0.109028 0.042188 0.068056
0 0.173047 0.157639 0.033594 0.062500
0 0.179297 0.232639 0.044531 0.076389
0 0.176563 0.280556 0.021875 0.022222
0 0.058984 0.520139 0.041406 0.070833
0 0.105469 0.570139 0.056250 0.079167
0 0.158594 0.632639 0.042188 0.062500
0 0.241016 0.570833 0.022656 0.058333
