0 0.297656 0.088889 0.060937 0.097222
0 0.006641 0.249306 0.011719 0.076389
0 0.903516 0.700694 0.057031 0.104167
0 0.268750 0.273611 0.070312 0.119444
0 0.544922 0.044444 0.050781 0.086111
0 0.513672 0.800000 0.019531 0.033333
0 0.565234 0.177083 0.057031 0.104167
0 0.822656 0.209028 0.060937 0.106944
0 0.636328 0.088194 0.049219 0.073611
0 0.773047 0.224306 0.047656 0.095833
0 0.993359 0.261806 0.013281 0.065278
0 0.873437 0.585417 0.046875 0.056944
0 0.787109 0.756944 0.042969 0.097222
0 0.823047 0.484028 0.067969 0.104167
0 0.718750 0.721528 0.073438 0.134722
0 0.839844 0.659028 0.073438 0.120833
0 0.585938 0.715972 0.075000 0.131944
0 0.990234 0.861111 0.019531 0.061111
0 0.615234 0.634722 0.049219 0.091667
0 0.466016 0.639583 0.057031 0.118056
0 0.433594 0.813889 0.048438 0.069444
0 0.877344 0.343750 0.028125 0.056944
0 0.423047 0.402778 0.050781 0.083333
0 0.407422 0.632639 0.035156 0.093056
0 0.335156 0.815972 0.067187 0.120833
0 0.521484 0.629167 0.019531 0.044444
0 0.680469 0.368750 0.060937 0.079167
0 0.191016 0.695139 0.061719 0.104167
0 0.280469 0.819444 0.026562 0.041667
0 0.942578 0.096528 0.061719 0.090278
0 0.133594 0.770139 0.065625 0.106944
0 0.028516 0.713194 0.055469 0.118056
0 0.380469 0.131250 0.056250 0.106944
0 0.281641 0.563889 0.063281 0.108333
0 0.665234 0.307639 0.047656 0.040278
0 0.232422 0.434722 0.072656 0.125000
0 0.982812 0.569444 0.032813 0.058333
0 0.224219 0.557639 0.040625 0.081944
0 0.756250 0.692361 0.029687 0.101389
0 0.688672 0.279861 0.032031 0.034722
