0 0.955078 0.195139 0.022656 0.023611
0 0.985156 0.254861 0.025000 0.059722
0 0.985156 0.412500 0.018750 0.041667
0 0.971875 0.600000 0.021875 0.058333
0 0.897656 0.417361 0.018750 0.051389
0 0.845313 0.459722 0.028125 0.047222
0 0.839063 0.492361 0.029687 0.056944
0 0.857031 0.543056 0.028125 0.055556
0 0.804297 0.582639 0.027344 0.054167
0 0.762109 0.397222 0.027344 0.050000
0 0.776563 0.371528 0.034375 0.051389
0 0.823438 0.340278 0.026562 0.055556
0 0.787500 0.236111 0.028125 0.055556
0 0.718359 0.254167 0.028906 0.050000
0 0.722266 0.321528 0.028906 0.045833
0 0.675000 0.317361 0.029687 0.059722
0 0.644922 0.275694 0.046094 0.093056
0 0.564453 0.294444 0.019531 0.041667
0 0.626172 0.427778 0.030469 0.058333
0 0.733594 0.585417 0.064062 0.123611
0 0.773047 0.665278 0.025781 0.041667
0 0.721094 0.674306 0.021875 0.070833
0 0.739844 0.708333 0.039062 0.080556
0 0.716797 0.740278 0.022656 0.041667
0 0.648828 0.611111 0.066406 0.127778
0 0.514453 0.493750 0.022656 0.059722
0 0.526563 0.091667 0.054688 0.108333
0 0.424219 0.184028 0.060937 0.106944
0 0.437500 0.441667 0.023438 0.083333
0 0.468359 0.450694 0.032031 0.040278
0 0.471094 0.557639 0.034375 0.065278
0 0.507031 0.603472 0.026562 0.059722
0 0.565625 0.579167 0.035937 0.052778
0 0.586328 0.705556 0.055469 0.100000
0 0.582812 0.794444 0.056250 0.091667
0 0.487500 0.709028 0.045312 0.084722
0 0.473438 0.836111 0.048438 0.091667
0 0.553906 0.957639 0.057813 0.084722
