0 0.972656 0.293750 0.054688 0.084722
0 0.961328 0.435417 0.057031 0.087500
0 0.848828 0.534722 0.021094 0.047222
0 0.849609 0.597222 0.039844 0.075000
0 0.800391 0.605556 0.021094 0.036111
0 0.768359 0.644444 0.019531 0.030556
0 0.809766 0.687500 0.036719 0.069444
0 0.833203 0.748611 0.011719 0.022222
0 0.676953 0.568056 0.032031 0.055556
0 0.736328 0.746528 0.041406 0.079167
0 0.704297 0.802778 0.017969 0.027778
0 0.675781 0.801389 0.026562 0.055556
0 0.632812 0.686806 0.037500 0.076389
0 0.612109 0.771528 0.035156 0.065278
0 0.644531 0.819444 0.035937 0.066667
0 0.546875 0.966667 0.018750 0.038889
0 0.535937 0.867361 0.009375 0.026389
0 0.471875 0.822222 0.023438 0.052778
0 0.435547 0.750694 0.028906 0.051389
0 0.399219 0.681944 0.026562 0.036111
0 0.397656 0.608333 0.020313 0.030556
0 0.398438 0.536111 0.031250 0.066667
0 0.354297 0.472222 0.033594 0.069444
0 0.328125 0.621528 0.046875 0.087500
0 0.321484 0.705556 0.033594 0.036111
0 0.307422 0.767361 0.039844 0.068056
0 0.336719 0.886111 0.023438 0.033333
0 0.391016 0.968750 0.027344 0.020833
0 0.350000 0.811111 0.020313 0.041667
0 0.309766 0.886111 0.024219 0.044444
0 0.259375 0.884028 0.028125 0.048611
0 0.245703 0.804861 0.036719 0.065278
0 0.297656 0.354861 0.042188 0.076389
0 0.323828 0.252778 0.036719 0.069444
0 0.244922 0.412500 0.030469 0.055556
0 0.199609 0.449306 0.013281 0.040278
0 0.179688 0.496528 0.053125 0.076389
0 0.116406 0.543056 0.051562 0.083333
0 0.209375 0.629861 0.053125 0.084722
0 0.202734 0.680556 0.016406 0.025000
0 0.257031 0.597917 0.053125 0.090278
0 0.133984 0.656944 0.047656 0.083333
0 0.087109 0.679861 0.032031 0.054167
0 0.103906 0.840278 0.026562 0.050000
0 0.128516 0.866667 0.039844 0.050000
