0 0.433203 0.305556 0.030469 0.077778
0 0.470313 0.304167 0.046875 0.088889
0 0.478516 0.215278 0.021094 0.038889
0 0.556641 0.263194 0.052344 0.109722
0 0.616797 0.231944 0.063281 0.116667
0 0.610547 0.368750 0.030469 0.068056
0 0.537500 0.373611 0.021875 0.052778
0 0.453125 0.404167 0.029687 0.063889
0 0.474609 0.450694 0.046094 0.081944
0 0.540625 0.506944 0.045312 0.083333
0 0.497656 0.513889 0.039062 0.055556
0 0.474219 0.698611 0.034375 0.061111
0 0.561328 0.598611 0.055469 0.102778
0 0.604688 0.613194 0.017188 0.045833
0 0.574609 0.735417 0.058594 0.106944
0 0.705469 0.851389 0.067187 0.122222
0 0.719531 0.655556 0.065625 0.105556
0 0.741797 0.552083 0.064844 0.115278
0 0.765234 0.608333 0.022656 0.033333
0 0.725391 0.142361 0.041406 0.106944
0 0.767188 0.222917 0.021875 0.029167
0 0.803125 0.265278 0.026562 0.050000
0 0.842578 0.159028 0.032031 0.051389
0 0.867578 0.181250 0.030469 0.051389
0 0.901172 0.242361 0.030469 0.048611
0 0.912891 0.326389 0.032031 0.058333
0 0.892578 0.384028 0.022656 0.040278
0 0.880469 0.431250 0.031250 0.093056
0 0.834766 0.434722 0.064844 0.119444
0 0.921094 0.504167 0.031250 0.058333
0 0.961328 0.417361 0.035156 0.062500
