0 0.772266 0.186111 0.047656 0.086111
0 0.844922 0.128472 0.044531 0.048611
0 0.864453 0.189583 0.057031 0.087500
0 0.870313 0.304167 0.026562 0.058333
0 0.817969 0.270139 0.025000 0.023611
0 0.807422 0.318056 0.035156 0.072222
0 0.684766 0.553472 0.038281 0.068056
0 0.656641 0.661111 0.042969 0.069444
0 0.703516 0.701389 0.041406 0.075000
0 0.801172 0.529861 0.046094 0.081944
0 0.905859 0.432639 0.049219 0.093056
0 0.908594 0.559028 0.054688 0.087500
0 0.940234 0.545833 0.028906 0.088889
0 0.989453 0.507639 0.021094 0.070833
0 0.989453 0.595833 0.021094 0.069444
0 0.902344 0.706250 0.042188 0.068056
0 0.579297 0.643056 0.022656 0.047222
0 0.563672 0.511111 0.017969 0.025000
0 0.523438 0.687500 0.032813 0.055556
0 0.459375 0.469444 0.035937 0.066667
0 0.389844 0.394444 0.045312 0.088889
0 0.384375 0.265972 0.018750 0.034722
0 0.338281 0.101389 0.032813 0.038889
0 0.331641 0.235417 0.042969 0.070833
0 0.330469 0.422917 0.046875 0.076389
0 0.350391 0.467361 0.036719 0.045833
0 0.356641 0.663194 0.032031 0.062500
0 0.276562 0.423611 0.017188 0.027778
0 0.268359 0.553472 0.028906 0.043056
0 0.164453 0.501389 0.044531 0.080556
0 0.191406 0.572917 0.029687 0.051389
0 0.018359 0.221528 0.035156 0.070833
0 0.027734 0.329861 0.041406 0.045833
0 0.014453 0.537500 0.027344 0.080556
0 0.098828 0.563889 0.046094 0.077778
0 0.062109 0.597222 0.047656 0.080556
