0 0.250781 0.055556 0.060937 0.097222
0 0.047656 0.159722 0.076563 0.108333
0 0.869922 0.795833 0.088281 0.161111
0 0.259375 0.204167 0.064062 0.113889
0 0.514062 0.233333 0.067187 0.116667
0 0.517188 0.731944 0.071875 0.125000
0 0.510547 0.324306 0.052344 0.093056
0 0.749219 0.288889 0.065625 0.116667
0 0.663281 0.106250 0.056250 0.095833
0 0.723047 0.149306 0.069531 0.126389
0 0.932031 0.185417 0.067187 0.115278
0 0.897266 0.448611 0.067969 0.108333
0 0.841797 0.609722 0.036719 0.036111
0 0.844922 0.402778 0.041406 0.102778
0 0.764453 0.827083 0.086719 0.156944
0 0.747656 0.602083 0.040625 0.084722
0 0.601562 0.777083 0.062500 0.115278
0 0.714453 0.943750 0.071094 0.093056
0 0.615234 0.634722 0.049219 0.091667
0 0.494922 0.548611 0.066406 0.116667
0 0.433594 0.781944 0.070312 0.125000
0 0.799219 0.288889 0.045312 0.088889
0 0.369141 0.417361 0.064844 0.101389
0 0.333984 0.815278 0.085156 0.144444
0 0.510938 0.651389 0.018750 0.030556
0 0.601953 0.393056 0.052344 0.080556
0 0.224609 0.709722 0.038281 0.088889
0 0.178906 0.826389 0.090625 0.144444
0 0.959375 0.025000 0.065625 0.047222
0 0.564844 0.646528 0.029687 0.040278
0 0.094141 0.732639 0.080469 0.123611
0 0.008203 0.623611 0.014844 0.066667
0 0.382031 0.113889 0.050000 0.091667
0 0.134766 0.454861 0.053906 0.090278
0 0.438672 0.340972 0.038281 0.081944
0 0.382422 0.354861 0.061719 0.073611
0 0.146094 0.240278 0.034375 0.055556
0 0.569141 0.864583 0.025781 0.034722
0 0.176953 0.450000 0.021094 0.030556
0 0.787109 0.610417 0.033594 0.068056
0 0.807813 0.406250 0.032813 0.045833
