0 0.760938 0.333333 0.017188 0.044444
0 0.758203 0.388889 0.035156 0.063889
0 0.713281 0.393056 0.021875 0.030556
0 0.681641 0.425694 0.011719 0.015278
0 0.715625 0.470139 0.035937 0.062500
0 0.734766 0.525694 0.010156 0.015278
0 0.647656 0.522222 0.035937 0.063889
0 0.600781 0.351389 0.026562 0.050000
0 0.554297 0.461111 0.036719 0.069444
0 0.652734 0.632639 0.010156 0.015278
0 0.617188 0.567361 0.015625 0.023611
0 0.589844 0.567361 0.026562 0.043056
0 0.530469 0.537500 0.032813 0.061111
0 0.559766 0.583333 0.033594 0.055556
0 0.449609 0.364583 0.021094 0.043056
0 0.444922 0.447917 0.021094 0.040278
0 0.459766 0.505556 0.019531 0.038889
0 0.472266 0.536111 0.017969 0.036111
0 0.457813 0.622222 0.026562 0.050000
0 0.483984 0.635417 0.021094 0.043056
0 0.448047 0.707639 0.017969 0.023611
0 0.425781 0.638194 0.025000 0.048611
0 0.417187 0.386806 0.015625 0.029167
0 0.403125 0.438194 0.018750 0.031944
0 0.398828 0.464583 0.024219 0.020833
0 0.396875 0.550694 0.023438 0.045833
0 0.364063 0.491667 0.020313 0.036111
0 0.359375 0.570139 0.028125 0.048611
0 0.350391 0.626389 0.024219 0.041667
0 0.297266 0.623611 0.024219 0.044444
0 0.305469 0.502083 0.048438 0.076389
0 0.244141 0.569444 0.046094 0.077778
0 0.302734 0.356944 0.024219 0.025000
0 0.185547 0.343056 0.013281 0.027778
0 0.154297 0.236111 0.050781 0.086111
0 0.166406 0.436111 0.018750 0.038889
0 0.138672 0.556944 0.016406 0.036111
0 0.033594 0.529167 0.053125 0.077778
0 0.058594 0.548611 0.025000 0.052778
0 0.100000 0.309722 0.021875 0.030556
0 0.069141 0.237500 0.017969 0.050000
0 0.028125 0.202778 0.051562 0.094444
0 0.047656 0.056250 0.062500 0.098611
0 0.009375 0.115972 0.017188 0.081944
