0 0.920703 0.427083 0.082031 0.134722
0 0.633984 0.672222 0.066406 0.116667
0 0.652734 0.161111 0.022656 0.038889
0 0.798438 0.191667 0.068750 0.102778
0 0.984375 0.061806 0.031250 0.120833
0 0.825781 0.591667 0.053125 0.105556
0 0.871484 0.552083 0.060156 0.101389
0 0.832031 0.318750 0.068750 0.120833
0 0.780469 0.790972 0.064062 0.109722
0 0.759766 0.505556 0.032031 0.072222
0 0.559766 0.715972 0.078906 0.140278
0 0.434766 0.575000 0.074219 0.127778
0 0.717187 0.622917 0.053125 0.081944
0 0.517969 0.422917 0.053125 0.076389
0 0.657813 0.254861 0.021875 0.076389
0 0.786719 0.062500 0.051562 0.111111
0 0.954297 0.570833 0.019531 0.030556
0 0.681641 0.672222 0.033594 0.075000
0 0.734766 0.664583 0.046094 0.048611
0 0.844141 0.652778 0.055469 0.075000
0 0.733984 0.084722 0.017969 0.027778
0 0.777734 0.354167 0.017969 0.027778
0 0.794141 0.437500 0.013281 0.025000
0 0.456250 0.515278 0.028125 0.038889
