0 0.494531 0.117361 0.067187 0.129167
0 0.453516 0.093056 0.041406 0.100000
0 0.624219 0.115972 0.064062 0.101389
0 0.725391 0.055556 0.064844 0.108333
0 0.851953 0.250694 0.072656 0.118056
0 0.637891 0.243056 0.078906 0.116667
0 0.666016 0.356250 0.063281 0.106944
0 0.675781 0.479861 0.065625 0.126389
0 0.750391 0.599306 0.074219 0.134722
0 0.878906 0.618056 0.085938 0.138889
0 0.892578 0.726389 0.064844 0.102778
0 0.957812 0.784028 0.067187 0.106944
0 0.650781 0.940278 0.065625 0.119444
0 0.326172 0.659722 0.038281 0.044444
0 0.282422 0.709722 0.074219 0.133333
0 0.420703 0.551389 0.050781 0.080556
0 0.535937 0.326389 0.032813 0.058333
0 0.537891 0.400694 0.019531 0.065278
0 0.400000 0.847917 0.079687 0.143056
0 0.486719 0.818056 0.070312 0.125000
0 0.567187 0.815972 0.048438 0.059722
0 0.583594 0.767361 0.051562 0.084722
0 0.652344 0.624306 0.031250 0.023611
0 0.666797 0.754167 0.060156 0.122222
0 0.716016 0.711806 0.052344 0.106944
0 0.706250 0.806250 0.056250 0.087500
0 0.829688 0.722917 0.026562 0.045833
0 0.694922 0.576389 0.028906 0.058333
0 0.919141 0.824306 0.017969 0.054167
0 0.964453 0.230556 0.028906 0.058333
0 0.983984 0.293750 0.032031 0.087500
0 0.619531 0.784722 0.034375 0.094444
