0 0.091797 0.031250 0.086719 0.059722
0 0.220703 0.252778 0.055469 0.097222
0 0.292969 0.038889 0.073438 0.075000
0 0.298047 0.156250 0.077344 0.129167
0 0.530078 0.193750 0.072656 0.131944
0 0.344531 0.302083 0.071875 0.123611
0 0.374609 0.337500 0.042969 0.100000
0 0.292578 0.434028 0.082031 0.145833
0 0.102344 0.525000 0.059375 0.091667
0 0.067187 0.832639 0.093750 0.137500
0 0.351953 0.568750 0.102344 0.156944
0 0.355859 0.700694 0.072656 0.115278
0 0.354297 0.811806 0.072656 0.104167
0 0.278125 0.750694 0.070312 0.131944
0 0.216797 0.777083 0.047656 0.087500
0 0.254297 0.822917 0.055469 0.079167
0 0.294531 0.956944 0.068750 0.086111
0 0.500781 0.604167 0.087500 0.161111
0 0.564453 0.725694 0.074219 0.131944
0 0.653906 0.793750 0.070312 0.120833
0 0.724609 0.719444 0.069531 0.111111
0 0.906641 0.872917 0.082031 0.131944
0 0.867188 0.884722 0.025000 0.055556
0 0.701953 0.561111 0.046094 0.072222
0 0.814453 0.756250 0.024219 0.045833
0 0.841797 0.572222 0.078906 0.127778
0 0.862500 0.425000 0.087500 0.150000
0 0.882422 0.232639 0.072656 0.120833
0 0.900391 0.122917 0.072656 0.104167
0 0.823438 0.066667 0.065625 0.097222
0 0.730078 0.267361 0.042969 0.059722
0 0.977734 0.652083 0.025781 0.054167
0 0.727734 0.544444 0.036719 0.055556
0 0.304688 0.804861 0.040625 0.079167
0 0.233203 0.307639 0.017969 0.018056
0 0.966016 0.404167 0.033594 0.022222
0 0.723047 0.220139 0.030469 0.023611
0 0.699609 0.854167 0.017969 0.055556
0 0.139063 0.293056 0.023438 0.033333
