0 0.812109 0.245833 0.055469 0.088889
0 0.908984 0.306250 0.032031 0.079167
0 0.840625 0.428472 0.029687 0.031944
0 0.789844 0.426389 0.059375 0.094444
0 0.743359 0.476389 0.033594 0.069444
0 0.689453 0.375694 0.057031 0.095833
0 0.732812 0.676389 0.042188 0.075000
0 0.801953 0.740278 0.058594 0.100000
0 0.969531 0.709028 0.060937 0.087500
0 0.967578 0.781250 0.053906 0.070833
0 0.866406 0.756250 0.053125 0.084722
0 0.851953 0.845833 0.030469 0.055556
0 0.816016 0.806944 0.039844 0.047222
0 0.801953 0.865972 0.063281 0.090278
0 0.617578 0.664583 0.036719 0.076389
0 0.596484 0.752083 0.041406 0.059722
0 0.631250 0.816667 0.034375 0.075000
0 0.522656 0.696528 0.031250 0.068056
0 0.503516 0.568056 0.025781 0.061111
0 0.479687 0.717361 0.029687 0.068056
0 0.405078 0.536111 0.027344 0.038889
0 0.383594 0.600694 0.037500 0.073611
0 0.406641 0.368750 0.011719 0.034722
0 0.247656 0.186111 0.031250 0.063889
0 0.245703 0.366667 0.044531 0.063889
0 0.292187 0.595833 0.045312 0.077778
0 0.325391 0.697222 0.025781 0.050000
0 0.239844 0.597917 0.040625 0.070833
0 0.235156 0.485417 0.020313 0.045833
0 0.218359 0.860417 0.057031 0.084722
0 0.157422 0.859028 0.028906 0.062500
0 0.173828 0.615278 0.027344 0.055556
0 0.172656 0.446528 0.009375 0.029167
0 0.138281 0.491667 0.021875 0.038889
0 0.060156 0.352083 0.020313 0.037500
0 0.005469 0.409722 0.009375 0.055556
0 0.014453 0.643056 0.025781 0.066667
0 0.124609 0.619444 0.041406 0.075000
0 0.072266 0.701389 0.046094 0.069444
0 0.047266 0.716667 0.028906 0.050000
0 0.084766 0.918056 0.010156 0.030556
