0 0.182812 0.209722 0.067187 0.102778
0 0.203906 0.538889 0.070312 0.113889
0 0.245703 0.559722 0.036719 0.058333
0 0.270313 0.348611 0.028125 0.025000
0 0.360938 0.239583 0.025000 0.037500
0 0.390234 0.281944 0.016406 0.030556
0 0.419141 0.263889 0.013281 0.025000
0 0.455859 0.359028 0.013281 0.020833
0 0.460547 0.443056 0.021094 0.038889
0 0.260547 0.204861 0.022656 0.043056
0 0.167578 0.018750 0.035156 0.034722
0 0.306250 0.497222 0.070312 0.125000
0 0.400781 0.546528 0.051562 0.087500
0 0.257812 0.775694 0.039062 0.068056
0 0.517969 0.511111 0.028125 0.061111
0 0.552734 0.692361 0.019531 0.034722
0 0.479687 0.744444 0.043750 0.061111
0 0.562891 0.557639 0.033594 0.056944
0 0.604688 0.588194 0.031250 0.065278
0 0.586719 0.471528 0.032813 0.059722
0 0.663672 0.436806 0.032031 0.065278
0 0.640625 0.209028 0.017188 0.023611
0 0.675391 0.273611 0.032031 0.058333
0 0.675391 0.179861 0.032031 0.065278
0 0.691016 0.109722 0.027344 0.041667
0 0.738281 0.194444 0.034375 0.072222
0 0.775000 0.387500 0.025000 0.058333
0 0.772656 0.466667 0.029687 0.061111
0 0.741016 0.416667 0.017969 0.025000
0 0.735156 0.486111 0.029687 0.027778
0 0.701172 0.546528 0.022656 0.031944
0 0.020703 0.092361 0.016406 0.026389
0 0.046875 0.102778 0.035937 0.069444
0 0.008984 0.201389 0.014844 0.058333
0 0.052734 0.264583 0.039844 0.059722
0 0.004297 0.283333 0.007031 0.033333
0 0.105469 0.297222 0.034375 0.058333
0 0.146484 0.305556 0.027344 0.050000
0 0.146875 0.369444 0.020313 0.047222
0 0.098828 0.453472 0.014844 0.020833
0 0.112109 0.478472 0.024219 0.045833
0 0.147266 0.545139 0.014844 0.026389
0 0.114844 0.672222 0.042188 0.058333
0 0.043359 0.570833 0.041406 0.058333
0 0.085156 0.551389 0.042188 0.055556
