0 0.905469 0.251389 0.089063 0.150000
0 0.649219 0.720833 0.076563 0.158333
0 0.438281 0.543056 0.018750 0.038889
0 0.412891 0.068056 0.085156 0.133333
0 0.588281 0.772917 0.014063 0.026389
0 0.942187 0.667361 0.081250 0.115278
0 0.832031 0.835417 0.071875 0.109722
0 0.566797 0.079861 0.086719 0.156944
0 0.280078 0.943056 0.075781 0.113889
0 0.521484 0.242361 0.019531 0.034722
0 0.429688 0.614583 0.067187 0.120833
0 0.250000 0.697222 0.075000 0.122222
0 0.206641 0.898611 0.080469 0.141667
0 0.451562 0.220833 0.029687 0.033333
0 0.469922 0.311806 0.069531 0.118056
0 0.979688 0.440278 0.040625 0.155556
0 0.716406 0.714583 0.028125 0.031944
0 0.595703 0.875000 0.044531 0.091667
0 0.680859 0.668750 0.046094 0.093056
0 0.628125 0.496528 0.082812 0.159722
0 0.783984 0.259028 0.032031 0.062500
0 0.694531 0.540972 0.054688 0.098611
0 0.514844 0.022917 0.056250 0.040278
0 0.886328 0.558333 0.025781 0.041667
0 0.850781 0.273611 0.042188 0.113889
