0 0.754297 0.306944 0.067969 0.113889
0 0.727734 0.576389 0.036719 0.105556
0 0.273828 0.264583 0.121094 0.201389
0 0.018359 0.082639 0.035156 0.129167
0 0.841406 0.690278 0.065625 0.113889
0 0.212500 0.448611 0.065625 0.113889
0 0.357812 0.598611 0.079687 0.119444
0 0.837891 0.452083 0.066406 0.115278
0 0.282031 0.622917 0.029687 0.040278
0 0.061719 0.494444 0.087500 0.141667
0 0.069141 0.829861 0.077344 0.123611
0 0.185547 0.600000 0.067969 0.127778
0 0.975391 0.441667 0.049219 0.100000
0 0.769531 0.615972 0.081250 0.131944
0 0.576562 0.563194 0.017188 0.034722
0 0.303125 0.788889 0.079687 0.127778
0 0.557422 0.797222 0.092969 0.166667
0 0.472266 0.168750 0.057031 0.104167
0 0.226172 0.071528 0.080469 0.140278
0 0.556641 0.235417 0.066406 0.101389
0 0.805078 0.150694 0.067969 0.109722
0 0.942578 0.577083 0.097656 0.151389
