0 0.960938 0.286111 0.078125 0.136111
0 0.679688 0.545833 0.053125 0.088889
0 0.379688 0.431944 0.021875 0.022222
0 0.579297 0.061111 0.033594 0.041667
0 0.746094 0.324306 0.020313 0.034722
0 0.988281 0.554861 0.018750 0.068056
0 0.891016 0.465278 0.044531 0.050000
0 0.715625 0.081944 0.059375 0.111111
0 0.714844 0.680556 0.062500 0.113889
0 0.643359 0.511806 0.055469 0.090278
0 0.462500 0.602778 0.081250 0.133333
0 0.344531 0.469444 0.079687 0.125000
0 0.553906 0.570833 0.068750 0.116667
0 0.735938 0.188889 0.064062 0.130556
0 0.462109 0.345139 0.050781 0.076389
0 0.969922 0.425000 0.060156 0.113889
0 0.738281 0.301389 0.037500 0.044444
0 0.625391 0.580556 0.049219 0.069444
0 0.771875 0.525694 0.057813 0.090278
0 0.733984 0.474306 0.063281 0.109722
0 0.822266 0.285417 0.078906 0.140278
0 0.787500 0.428472 0.065625 0.112500
0 0.579688 0.154861 0.012500 0.084722
