0 0.447266 0.231250 0.061719 0.109722
0 0.508594 0.250000 0.060937 0.130556
0 0.614844 0.239583 0.028125 0.037500
0 0.650000 0.300000 0.045312 0.102778
0 0.620313 0.415278 0.032813 0.061111
0 0.641016 0.447917 0.032031 0.048611
0 0.625391 0.540972 0.057031 0.104167
0 0.702734 0.553472 0.057031 0.115278
0 0.711328 0.723611 0.041406 0.083333
0 0.672266 0.901389 0.064844 0.141667
0 0.634375 0.833333 0.029687 0.063889
0 0.612109 0.722917 0.035156 0.068056
0 0.570703 0.605556 0.035156 0.069444
0 0.528906 0.656944 0.043750 0.102778
0 0.456250 0.947917 0.073438 0.104167
0 0.500781 0.489583 0.026562 0.054167
0 0.551562 0.440278 0.031250 0.066667
0 0.293750 0.393056 0.029687 0.061111
0 0.288672 0.327083 0.022656 0.040278
0 0.341406 0.465278 0.068750 0.111111
0 0.282031 0.478472 0.026562 0.056944
0 0.437891 0.647222 0.025781 0.075000
0 0.396875 0.736111 0.064062 0.105556
0 0.301953 0.652778 0.067969 0.108333
0 0.210547 0.694444 0.039844 0.066667
0 0.237891 0.818750 0.035156 0.062500
0 0.185547 0.801389 0.041406 0.075000
0 0.105469 0.683333 0.050000 0.077778
0 0.056641 0.770139 0.052344 0.065278
0 0.019922 0.808333 0.038281 0.069444
