0 0.782813 0.351389 0.017188 0.044444
0 0.778516 0.408333 0.035156 0.063889
0 0.732812 0.413889 0.021875 0.030556
0 0.698047 0.429861 0.014844 0.040278
0 0.735156 0.484028 0.035937 0.062500
0 0.753516 0.543056 0.008594 0.016667
0 0.670703 0.538194 0.039844 0.068056
0 0.617969 0.365278 0.026562 0.050000
0 0.578516 0.479167 0.036719 0.069444
0 0.669531 0.647222 0.009375 0.016667
0 0.633203 0.581944 0.014844 0.016667
0 0.610156 0.578472 0.026562 0.043056
0 0.552344 0.550694 0.035937 0.065278
0 0.580078 0.597917 0.033594 0.059722
0 0.463672 0.377083 0.021094 0.043056
0 0.461328 0.461806 0.021094 0.040278
0 0.471875 0.518056 0.017188 0.038889
0 0.485938 0.551389 0.017188 0.038889
0 0.475781 0.640278 0.026562 0.050000
0 0.500781 0.650000 0.020313 0.047222
0 0.464453 0.721528 0.017969 0.023611
0 0.439844 0.647917 0.025000 0.048611
0 0.429688 0.399306 0.015625 0.029167
0 0.415625 0.453472 0.018750 0.031944
0 0.413672 0.481250 0.024219 0.020833
0 0.414062 0.563194 0.023438 0.045833
0 0.379688 0.506944 0.020313 0.036111
0 0.374219 0.584028 0.023438 0.043056
0 0.366797 0.640278 0.024219 0.041667
0 0.312109 0.637500 0.024219 0.044444
0 0.333594 0.517361 0.048438 0.076389
0 0.272266 0.586111 0.046094 0.077778
0 0.329297 0.375000 0.024219 0.025000
0 0.210938 0.350694 0.014063 0.029167
0 0.185547 0.250000 0.050781 0.086111
0 0.190625 0.450000 0.018750 0.038889
0 0.058594 0.542361 0.046875 0.068056
0 0.082812 0.559722 0.025000 0.052778
0 0.120703 0.324306 0.021094 0.020833
0 0.052344 0.222917 0.053125 0.095833
0 0.026172 0.129167 0.050781 0.094444
0 0.082812 0.072917 0.062500 0.098611
