0 0.516016 0.216667 0.036719 0.066667
0 0.508984 0.320139 0.038281 0.081944
0 0.468750 0.304861 0.007812 0.018056
0 0.454297 0.363194 0.017969 0.023611
0 0.432031 0.370833 0.026562 0.030556
0 0.374219 0.420139 0.015625 0.034722
0 0.414844 0.464583 0.048438 0.090278
0 0.544531 0.447917 0.032813 0.068056
0 0.576562 0.506944 0.029687 0.050000
0 0.526563 0.568056 0.050000 0.086111
0 0.583984 0.602083 0.047656 0.087500
0 0.347266 0.512500 0.049219 0.083333
0 0.465625 0.603472 0.046875 0.095833
0 0.514844 0.668750 0.037500 0.065278
0 0.346875 0.629861 0.048438 0.087500
0 0.308984 0.625000 0.025781 0.050000
0 0.271484 0.656250 0.036719 0.059722
0 0.563281 0.740278 0.025000 0.052778
0 0.531641 0.760417 0.044531 0.056944
0 0.519922 0.800694 0.025781 0.045833
0 0.593750 0.813194 0.021875 0.040278
0 0.665625 0.962500 0.014063 0.030556
0 0.562891 0.857639 0.019531 0.026389
0 0.448047 0.863194 0.022656 0.015278
0 0.456641 0.801389 0.016406 0.038889
0 0.487109 0.838194 0.021094 0.043056
0 0.371875 0.865278 0.028125 0.033333
0 0.306641 0.776389 0.030469 0.044444
0 0.204687 0.827083 0.026562 0.048611
0 0.238281 0.851389 0.031250 0.052778
0 0.211719 0.865972 0.023438 0.034722
0 0.250391 0.922917 0.028906 0.043056
0 0.290234 0.914583 0.019531 0.026389
0 0.834766 0.576389 0.036719 0.050000
0 0.991016 0.692361 0.017969 0.065278
0 0.954688 0.750000 0.053125 0.075000
0 0.840625 0.685417 0.043750 0.070833
0 0.806641 0.772917 0.042969 0.070833
0 0.832031 0.823611 0.037500 0.063889
0 0.855859 0.811111 0.011719 0.038889
0 0.914453 0.875000 0.010156 0.027778
0 0.946484 0.968056 0.011719 0.025000
