0 0.755859 0.249306 0.021094 0.048611
0 0.785547 0.322917 0.028906 0.056944
0 0.784766 0.391667 0.024219 0.047222
0 0.787109 0.557639 0.030469 0.051389
0 0.833203 0.610417 0.033594 0.062500
0 0.865625 0.588194 0.037500 0.068056
0 0.922656 0.479861 0.014063 0.023611
0 0.758203 0.290972 0.013281 0.034722
0 0.935547 0.596528 0.022656 0.051389
0 0.919141 0.534722 0.036719 0.066667
0 0.526172 0.225000 0.030469 0.050000
0 0.652344 0.388889 0.031250 0.063889
0 0.597656 0.476389 0.015625 0.041667
0 0.758594 0.592361 0.021875 0.043056
0 0.718750 0.504167 0.031250 0.052778
0 0.704688 0.505556 0.015625 0.047222
0 0.608984 0.581944 0.027344 0.055556
0 0.759766 0.663194 0.024219 0.043056
0 0.552734 0.536111 0.036719 0.069444
0 0.494141 0.475694 0.027344 0.043056
0 0.475000 0.613194 0.028125 0.037500
0 0.576172 0.647917 0.032031 0.056944
0 0.665625 0.501389 0.031250 0.061111
0 0.293750 0.272917 0.037500 0.065278
0 0.471094 0.339583 0.031250 0.048611
0 0.337891 0.438889 0.013281 0.052778
0 0.455859 0.425694 0.028906 0.051389
0 0.455078 0.522917 0.033594 0.062500
0 0.359375 0.563194 0.034375 0.062500
0 0.596484 0.372222 0.030469 0.058333
0 0.598828 0.640972 0.016406 0.037500
0 0.292969 0.509028 0.009375 0.018056
0 0.267969 0.584722 0.040625 0.069444
0 0.612500 0.454861 0.020313 0.020833
0 0.317188 0.568750 0.039062 0.065278
0 0.217969 0.452083 0.045312 0.070833
0 0.321094 0.338889 0.028125 0.058333
0 0.219922 0.297222 0.035156 0.038889
0 0.296094 0.122222 0.032813 0.063889
0 0.156641 0.554861 0.039844 0.062500
0 0.347656 0.370139 0.025000 0.056944
0 0.256250 0.143750 0.034375 0.048611
0 0.232422 0.233333 0.028906 0.058333
0 0.012109 0.123611 0.022656 0.077778
0 0.171484 0.335417 0.036719 0.056944
0 0.155078 0.493056 0.044531 0.072222
0 0.112500 0.531944 0.045312 0.080556
0 0.077734 0.510417 0.027344 0.031944
0 0.020313 0.581944 0.039062 0.100000
