0 0.981250 0.277083 0.012500 0.040278
0 0.990625 0.441667 0.018750 0.041667
0 0.974609 0.637500 0.017969 0.027778
0 0.872656 0.475694 0.028125 0.051389
0 0.817187 0.597222 0.028125 0.047222
0 0.749219 0.612500 0.023438 0.025000
0 0.736328 0.566667 0.022656 0.044444
0 0.704297 0.561806 0.016406 0.029167
0 0.782813 0.414583 0.031250 0.043056
0 0.804688 0.380556 0.028125 0.041667
0 0.854688 0.345139 0.020313 0.045833
0 0.827344 0.238194 0.023438 0.051389
0 0.755078 0.258333 0.028906 0.050000
0 0.755078 0.329861 0.027344 0.045833
0 0.662500 0.343750 0.029687 0.059722
0 0.523047 0.363194 0.046094 0.093056
0 0.565625 0.368750 0.025000 0.065278
0 0.615234 0.443056 0.030469 0.058333
0 0.661719 0.614583 0.037500 0.056944
0 0.669531 0.713889 0.032813 0.036111
0 0.670703 0.676389 0.030469 0.044444
0 0.673438 0.752778 0.029687 0.044444
0 0.623437 0.731944 0.034375 0.077778
0 0.578516 0.710417 0.036719 0.065278
0 0.496484 0.511111 0.016406 0.050000
0 0.404687 0.229861 0.046875 0.090278
0 0.328906 0.301389 0.053125 0.088889
0 0.392188 0.481250 0.042188 0.059722
0 0.468359 0.450694 0.032031 0.040278
0 0.423438 0.576389 0.017188 0.044444
0 0.389844 0.812500 0.040625 0.075000
0 0.407813 0.706250 0.034375 0.081944
0 0.550000 0.642361 0.051562 0.090278
0 0.446484 0.734028 0.046094 0.081944
0 0.466797 0.665278 0.049219 0.091667
0 0.451562 0.798611 0.050000 0.077778
0 0.424219 0.931944 0.046875 0.091667
0 0.853906 0.514583 0.031250 0.048611
0 0.838281 0.604167 0.014063 0.030556
