0 0.199609 0.715278 0.053906 0.080556
0 0.323047 0.611111 0.047656 0.077778
0 0.332031 0.504861 0.045312 0.079167
0 0.244531 0.486111 0.051562 0.083333
0 0.185938 0.464583 0.064062 0.093056
0 0.196484 0.370139 0.066406 0.104167
0 0.099219 0.417361 0.057813 0.090278
0 0.207031 0.238889 0.062500 0.094444
0 0.233203 0.306250 0.021094 0.059722
0 0.289844 0.199306 0.026562 0.048611
0 0.214062 0.050000 0.051562 0.094444
0 0.118750 0.023611 0.059375 0.044444
0 0.428516 0.609028 0.021094 0.034722
0 0.473047 0.586806 0.024219 0.045833
0 0.499219 0.565972 0.020313 0.031944
0 0.491016 0.621528 0.025781 0.043056
0 0.426172 0.647222 0.010156 0.022222
0 0.449609 0.643750 0.017969 0.040278
0 0.447656 0.702083 0.021875 0.040278
0 0.490234 0.729861 0.025781 0.048611
0 0.385937 0.776389 0.026562 0.050000
0 0.432422 0.806250 0.025781 0.051389
0 0.545703 0.836111 0.022656 0.050000
0 0.567187 0.820139 0.007812 0.018056
0 0.444141 0.854861 0.019531 0.034722
0 0.383594 0.813194 0.026562 0.034722
0 0.419141 0.877083 0.027344 0.043056
0 0.600781 0.843056 0.021875 0.044444
0 0.646875 0.931250 0.026562 0.037500
0 0.601172 0.772222 0.016406 0.038889
0 0.623047 0.804167 0.021094 0.033333
0 0.633594 0.759028 0.012500 0.012500
0 0.677344 0.777778 0.026562 0.036111
0 0.712891 0.790278 0.011719 0.036111
0 0.732812 0.809028 0.014063 0.026389
0 0.693750 0.831250 0.014063 0.023611
0 0.725781 0.647222 0.043750 0.075000
0 0.609375 0.709722 0.017188 0.030556
0 0.660547 0.647222 0.025781 0.041667
0 0.618750 0.657639 0.039062 0.068056
0 0.642578 0.586806 0.019531 0.037500
0 0.633984 0.610417 0.014844 0.026389
0 0.811328 0.688194 0.033594 0.056944
0 0.867188 0.786111 0.042188 0.044444
0 0.881641 0.648611 0.047656 0.077778
0 0.939063 0.625000 0.053125 0.088889
0 0.960156 0.657639 0.037500 0.062500
0 0.979688 0.607639 0.029687 0.043056
0 0.953125 0.789583 0.029687 0.040278
0 0.992188 0.799306 0.015625 0.070833
0 0.816406 0.636806 0.015625 0.034722
0 0.815625 0.512500 0.045312 0.075000
0 0.760156 0.546528 0.048438 0.079167
0 0.837109 0.467361 0.014844 0.018056
0 0.708594 0.456250 0.032813 0.054167
0 0.756250 0.413194 0.028125 0.037500
0 0.728906 0.408333 0.032813 0.052778
0 0.734375 0.336111 0.026562 0.044444
0 0.843750 0.383333 0.045312 0.077778
0 0.813672 0.270833 0.041406 0.066667
