0 0.984766 0.227083 0.028906 0.056944
0 0.985938 0.334028 0.028125 0.054167
0 0.982031 0.450694 0.035937 0.070833
0 0.991406 0.556944 0.017188 0.052778
0 0.987500 0.591667 0.023438 0.033333
0 0.882422 0.495833 0.024219 0.038889
0 0.905859 0.576389 0.024219 0.038889
0 0.907813 0.664583 0.023438 0.040278
0 0.883984 0.676389 0.028906 0.047222
0 0.928906 0.741667 0.021875 0.041667
0 0.955078 0.732639 0.025781 0.043056
0 0.947656 0.753472 0.015625 0.020833
0 0.888672 0.793750 0.014844 0.026389
0 0.858594 0.586111 0.025000 0.030556
0 0.833984 0.604861 0.025781 0.037500
0 0.822656 0.552083 0.018750 0.037500
0 0.824609 0.502083 0.021094 0.026389
0 0.803906 0.649306 0.028125 0.054167
0 0.852344 0.724306 0.025000 0.048611
0 0.788672 0.715972 0.022656 0.031944
0 0.768359 0.726389 0.013281 0.033333
0 0.809375 0.785417 0.012500 0.020833
0 0.754297 0.525000 0.032031 0.055556
0 0.753906 0.396528 0.035937 0.056944
0 0.714844 0.358333 0.028125 0.055556
0 0.720703 0.329167 0.013281 0.013889
0 0.640234 0.386806 0.025781 0.051389
0 0.678125 0.429861 0.026562 0.054167
0 0.664062 0.490972 0.026562 0.034722
0 0.629297 0.438194 0.021094 0.037500
0 0.700391 0.607639 0.033594 0.056944
0 0.699609 0.688194 0.016406 0.018056
0 0.659766 0.684722 0.028906 0.047222
0 0.634766 0.662500 0.027344 0.041667
0 0.617969 0.606944 0.028125 0.055556
0 0.638281 0.571528 0.031250 0.056944
0 0.389062 0.042361 0.046875 0.081944
0 0.307031 0.150694 0.040625 0.073611
0 0.421094 0.240278 0.040625 0.083333
0 0.414062 0.356944 0.048438 0.091667
0 0.367969 0.415278 0.046875 0.086111
0 0.394922 0.431250 0.032031 0.068056
0 0.436328 0.445139 0.030469 0.068056
0 0.460938 0.433333 0.023438 0.041667
0 0.444922 0.505556 0.022656 0.044444
0 0.421484 0.532639 0.036719 0.070833
0 0.478516 0.536806 0.022656 0.043056
0 0.478906 0.620833 0.023438 0.044444
0 0.450781 0.602778 0.025000 0.050000
0 0.441016 0.664583 0.019531 0.034722
0 0.428125 0.710417 0.026562 0.048611
0 0.385937 0.732639 0.010937 0.031944
0 0.335156 0.653472 0.031250 0.034722
0 0.331641 0.611806 0.041406 0.068056
0 0.374219 0.552083 0.023438 0.023611
0 0.347266 0.555556 0.014844 0.033333
0 0.334766 0.434028 0.027344 0.037500
0 0.307422 0.498611 0.030469 0.047222
0 0.278906 0.345833 0.039062 0.088889
0 0.130859 0.306250 0.057031 0.095833
0 0.139453 0.502778 0.058594 0.094444
0 0.064844 0.433333 0.067187 0.100000
