0 0.052344 0.247222 0.057813 0.097222
0 0.283594 0.743056 0.068750 0.075000
0 0.016406 0.326389 0.031250 0.108333
0 0.948438 0.768750 0.021875 0.051389
0 0.680859 0.569444 0.028906 0.050000
0 0.273438 0.898611 0.115625 0.191667
0 0.193750 0.522222 0.017188 0.027778
0 0.042969 0.863889 0.084375 0.155556
0 0.466406 0.706944 0.114062 0.208333
0 0.331641 0.956944 0.055469 0.086111
0 0.890625 0.609028 0.089063 0.143056
0 0.691797 0.700000 0.041406 0.091667
0 0.143750 0.690278 0.100000 0.158333
0 0.620703 0.856250 0.083594 0.162500
0 0.426172 0.364583 0.033594 0.073611
0 0.508203 0.330556 0.019531 0.047222
0 0.083594 0.049306 0.093750 0.095833
0 0.341406 0.163889 0.081250 0.127778
0 0.366016 0.017361 0.044531 0.031944
0 0.738281 0.811111 0.071875 0.116667
0 0.830078 0.895833 0.055469 0.094444
0 0.122656 0.505556 0.020313 0.025000
0 0.160547 0.100694 0.063281 0.109722
0 0.609766 0.642361 0.030469 0.048611
0 0.122266 0.375000 0.102344 0.161111
0 0.126562 0.899306 0.073438 0.106944
0 0.942187 0.415972 0.029687 0.029167
0 0.859375 0.252083 0.079687 0.137500
0 0.859375 0.328472 0.023438 0.026389
0 0.853906 0.147917 0.070312 0.098611
0 0.978906 0.031250 0.039062 0.056944
