0 0.964063 0.390278 0.048438 0.072222
0 0.894531 0.364583 0.039062 0.070833
0 0.895703 0.322917 0.024219 0.026389
0 0.827734 0.435417 0.016406 0.020833
0 0.887109 0.479167 0.041406 0.058333
0 0.869141 0.458333 0.017969 0.025000
0 0.985547 0.631250 0.013281 0.020833
0 0.959766 0.690972 0.036719 0.090278
0 0.987500 0.718750 0.020313 0.043056
0 0.873047 0.654861 0.041406 0.065278
0 0.904687 0.804861 0.032813 0.054167
0 0.785937 0.668750 0.037500 0.062500
0 0.755469 0.774306 0.039062 0.065278
0 0.805078 0.811111 0.036719 0.063889
0 0.651953 0.588194 0.010156 0.020833
0 0.659766 0.632639 0.032031 0.051389
0 0.661719 0.677083 0.025000 0.045833
0 0.621094 0.668750 0.029687 0.054167
0 0.596875 0.689583 0.028125 0.051389
0 0.558203 0.644444 0.027344 0.050000
0 0.552344 0.504167 0.023438 0.033333
0 0.562891 0.446528 0.025781 0.045833
0 0.532422 0.413194 0.008594 0.031944
0 0.535547 0.378472 0.017969 0.045833
0 0.504687 0.591667 0.023438 0.047222
0 0.491406 0.597222 0.014063 0.025000
0 0.517578 0.638889 0.014844 0.022222
0 0.529297 0.670139 0.016406 0.043056
0 0.524219 0.731944 0.017188 0.041667
0 0.468359 0.584028 0.030469 0.054167
0 0.461328 0.484028 0.030469 0.054167
0 0.443750 0.355556 0.028125 0.050000
0 0.410547 0.459028 0.030469 0.054167
0 0.398438 0.556944 0.028125 0.047222
0 0.412109 0.536806 0.013281 0.026389
0 0.413672 0.650000 0.028906 0.052778
0 0.381250 0.715278 0.031250 0.050000
0 0.397266 0.704861 0.007031 0.029167
0 0.370312 0.604861 0.034375 0.065278
0 0.351562 0.312500 0.028125 0.041667
0 0.336719 0.309722 0.015625 0.038889
0 0.280469 0.407639 0.032813 0.054167
0 0.257812 0.489583 0.031250 0.048611
0 0.296875 0.545833 0.026562 0.050000
0 0.271094 0.574306 0.032813 0.034722
0 0.255469 0.607639 0.035937 0.062500
0 0.276562 0.684722 0.029687 0.027778
0 0.176172 0.638889 0.049219 0.080556
0 0.086719 0.626389 0.020313 0.050000
0 0.182422 0.258333 0.032031 0.061111
0 0.035156 0.265278 0.053125 0.080556
0 0.027734 0.313194 0.024219 0.029167
0 0.050000 0.382639 0.015625 0.034722
0 0.011719 0.421528 0.021875 0.026389
0 0.043750 0.469444 0.056250 0.083333
0 0.006250 0.484028 0.010937 0.045833
0 0.005469 0.696528 0.009375 0.034722
0 0.014453 0.227083 0.016406 0.023611
0 0.030859 0.183333 0.038281 0.058333
0 0.135547 0.156250 0.044531 0.062500
