0 0.124219 0.177083 0.087500 0.134722
0 0.179297 0.091667 0.016406 0.033333
0 0.331641 0.329167 0.014844 0.044444
0 0.259766 0.364583 0.042969 0.062500
0 0.143359 0.716667 0.117969 0.205556
0 0.064844 0.728472 0.040625 0.045833
0 0.019922 0.896528 0.038281 0.154167
0 0.056250 0.931250 0.101562 0.137500
0 0.006250 0.117361 0.010937 0.068056
0 0.364453 0.856250 0.089844 0.156944
0 0.351953 0.670833 0.021094 0.066667
0 0.414844 0.646528 0.043750 0.112500
0 0.499219 0.565278 0.057813 0.055556
0 0.607812 0.267361 0.070312 0.145833
0 0.514844 0.687500 0.021875 0.066667
0 0.541797 0.811806 0.063281 0.118056
0 0.654687 0.888194 0.056250 0.104167
0 0.644922 0.620139 0.082031 0.137500
0 0.763672 0.794444 0.046094 0.086111
0 0.861328 0.850000 0.094531 0.180556
0 0.994531 0.768750 0.010937 0.073611
0 0.753516 0.423611 0.042969 0.094444
0 0.901563 0.144444 0.067187 0.113889
0 0.626953 0.151389 0.044531 0.080556
0 0.760156 0.263889 0.014063 0.027778
0 0.781250 0.036111 0.076563 0.069444
