0 0.588672 0.011111 0.036719 0.019444
0 0.515625 0.451389 0.026562 0.066667
0 0.123438 0.652778 0.112500 0.180556
0 0.144531 0.343750 0.068750 0.123611
0 0.946875 0.741667 0.106250 0.180556
0 0.223438 0.718056 0.025000 0.033333
0 0.456250 0.938194 0.089063 0.123611
0 0.748047 0.293750 0.060156 0.087500
0 0.243359 0.500694 0.072656 0.126389
0 0.037109 0.710417 0.072656 0.159722
0 0.407422 0.702778 0.116406 0.205556
0 0.538672 0.761806 0.077344 0.137500
0 0.712109 0.028472 0.053906 0.054167
0 0.877734 0.813889 0.094531 0.166667
0 0.521094 0.561806 0.026562 0.062500
0 0.673828 0.570139 0.094531 0.145833
0 0.507422 0.250000 0.083594 0.155556
0 0.774219 0.099306 0.071875 0.120833
0 0.185938 0.171528 0.079687 0.137500
0 0.401953 0.129861 0.024219 0.045833
0 0.653125 0.291667 0.087500 0.161111
0 0.957422 0.516667 0.021094 0.036111
0 0.697266 0.700694 0.044531 0.087500
0 0.761328 0.665972 0.078906 0.129167
0 0.480078 0.474306 0.066406 0.090278
0 0.688672 0.831250 0.046094 0.093056
0 0.712500 0.092361 0.023438 0.076389
0 0.221094 0.819444 0.017188 0.033333
