0 0.963672 0.506944 0.027344 0.061111
0 0.932813 0.498611 0.039062 0.069444
0 0.880859 0.518056 0.036719 0.063889
0 0.891797 0.591667 0.021094 0.022222
0 0.849219 0.483333 0.017188 0.038889
0 0.834375 0.402778 0.034375 0.066667
0 0.783984 0.440972 0.035156 0.062500
0 0.762500 0.501389 0.034375 0.055556
0 0.678906 0.489583 0.029687 0.056944
0 0.759766 0.320139 0.033594 0.051389
0 0.805078 0.279167 0.032031 0.044444
0 0.790625 0.229861 0.023438 0.051389
0 0.804297 0.151389 0.027344 0.047222
0 0.870313 0.116667 0.034375 0.069444
0 0.883984 0.245139 0.035156 0.062500
0 0.881250 0.309028 0.021875 0.062500
0 0.891797 0.345139 0.011719 0.043056
0 0.600000 0.277083 0.023438 0.045833
0 0.615625 0.379167 0.026562 0.047222
0 0.625781 0.466667 0.025000 0.052778
0 0.593359 0.512500 0.030469 0.061111
0 0.587500 0.440278 0.032813 0.061111
0 0.573047 0.361111 0.022656 0.044444
0 0.519922 0.255556 0.022656 0.033333
0 0.542188 0.186111 0.010937 0.025000
0 0.483203 0.136806 0.028906 0.029167
0 0.475781 0.179861 0.032813 0.068056
0 0.503125 0.288889 0.021875 0.055556
0 0.519531 0.362500 0.057813 0.111111
0 0.548438 0.480556 0.014063 0.033333
0 0.492969 0.463194 0.018750 0.026389
0 0.476172 0.557639 0.021094 0.034722
0 0.555469 0.579861 0.023438 0.040278
0 0.576953 0.586111 0.017969 0.038889
0 0.522656 0.598611 0.028125 0.052778
0 0.435156 0.520833 0.018750 0.027778
0 0.374609 0.393750 0.066406 0.118056
0 0.331250 0.565278 0.034375 0.052778
0 0.364453 0.596528 0.032031 0.056944
0 0.310547 0.162500 0.024219 0.061111
0 0.216406 0.202778 0.065625 0.113889
0 0.137891 0.409722 0.057031 0.100000
0 0.197656 0.440278 0.017188 0.044444
0 0.252344 0.522222 0.050000 0.088889
