0 0.992188 0.681250 0.015625 0.051389
0 0.964063 0.750694 0.014063 0.029167
0 0.964453 0.590972 0.027344 0.048611
0 0.932031 0.613194 0.032813 0.048611
0 0.899219 0.670833 0.031250 0.052778
0 0.862891 0.747222 0.014844 0.022222
0 0.819922 0.663194 0.028906 0.045833
0 0.801953 0.682639 0.016406 0.043056
0 0.879297 0.531944 0.025781 0.041667
0 0.910547 0.505556 0.025781 0.030556
0 0.876172 0.474306 0.024219 0.037500
0 0.880078 0.420139 0.021094 0.037500
0 0.938281 0.429167 0.054688 0.083333
0 0.960938 0.350000 0.039062 0.044444
0 0.921484 0.305556 0.038281 0.077778
0 0.956641 0.036111 0.030469 0.066667
0 0.973437 0.164583 0.046875 0.065278
0 0.680859 0.304861 0.033594 0.056944
0 0.676953 0.245139 0.011719 0.031944
0 0.649219 0.271528 0.032813 0.059722
0 0.620703 0.358333 0.024219 0.052778
0 0.686328 0.449306 0.033594 0.065278
0 0.765234 0.581944 0.036719 0.063889
0 0.588672 0.318056 0.024219 0.047222
0 0.585156 0.373611 0.015625 0.027778
0 0.617188 0.431944 0.028125 0.047222
0 0.616016 0.542361 0.035156 0.062500
0 0.622656 0.625000 0.021875 0.038889
0 0.596094 0.639583 0.031250 0.051389
0 0.552734 0.515972 0.032031 0.062500
0 0.547656 0.565278 0.035937 0.047222
0 0.437500 0.410417 0.021875 0.043056
0 0.413281 0.484722 0.025000 0.047222
0 0.452344 0.509028 0.025000 0.048611
0 0.457813 0.595139 0.025000 0.048611
0 0.399219 0.577083 0.028125 0.054167
0 0.409375 0.645833 0.025000 0.052778
0 0.391016 0.686111 0.027344 0.047222
0 0.365625 0.715972 0.023438 0.037500
0 0.309375 0.549306 0.029687 0.048611
0 0.291797 0.646528 0.027344 0.051389
0 0.369141 0.353472 0.027344 0.043056
0 0.347656 0.357639 0.021875 0.031944
0 0.294141 0.411806 0.041406 0.070833
0 0.288281 0.503472 0.040625 0.070833
0 0.219922 0.400694 0.041406 0.076389
0 0.182812 0.592361 0.046875 0.059722
0 0.169531 0.393056 0.048438 0.063889
0 0.177734 0.317361 0.052344 0.087500
0 0.182422 0.196528 0.052344 0.087500
0 0.205859 0.231944 0.016406 0.044444
0 0.251563 0.131250 0.025000 0.037500
0 0.090625 0.340278 0.050000 0.075000
0 0.112500 0.149306 0.014063 0.056944
0 0.183203 0.027778 0.050781 0.052778
