0 0.570703 0.043056 0.053906 0.083333
0 0.518750 0.137500 0.059375 0.108333
0 0.578516 0.269444 0.063281 0.116667
0 0.475000 0.255556 0.042188 0.094444
0 0.474219 0.342361 0.043750 0.081944
0 0.416797 0.143750 0.046094 0.093056
0 0.416797 0.210417 0.017969 0.043056
0 0.348047 0.158333 0.022656 0.044444
0 0.371875 0.171528 0.025000 0.056944
0 0.300781 0.265278 0.026562 0.047222
0 0.286719 0.348611 0.028125 0.052778
0 0.329297 0.395139 0.025781 0.045833
0 0.335547 0.458333 0.028906 0.052778
0 0.427734 0.453472 0.025781 0.048611
0 0.446875 0.478472 0.021875 0.023611
0 0.444922 0.408333 0.019531 0.041667
0 0.405078 0.342361 0.016406 0.026389
0 0.408984 0.370833 0.021094 0.036111
0 0.432812 0.300000 0.026562 0.044444
0 0.361719 0.642361 0.054688 0.090278
0 0.469531 0.717361 0.056250 0.106944
0 0.444922 0.755556 0.022656 0.027778
0 0.494922 0.599306 0.014844 0.031944
0 0.565625 0.586806 0.012500 0.023611
0 0.582812 0.513194 0.056250 0.098611
0 0.694922 0.641667 0.050781 0.088889
0 0.633203 0.562500 0.010156 0.022222
0 0.700000 0.536111 0.042188 0.052778
0 0.648828 0.472222 0.024219 0.050000
0 0.731641 0.484028 0.028906 0.054167
0 0.778516 0.440972 0.033594 0.056944
0 0.723047 0.288889 0.030469 0.052778
0 0.764062 0.252778 0.031250 0.058333
0 0.798047 0.238194 0.017969 0.020833
0 0.722656 0.170139 0.031250 0.054167
0 0.734375 0.080556 0.032813 0.058333
0 0.820312 0.077083 0.035937 0.059722
0 0.839844 0.222917 0.031250 0.062500
0 0.859375 0.218056 0.012500 0.041667
0 0.828906 0.264583 0.018750 0.018056
0 0.817578 0.400000 0.035156 0.061111
0 0.855859 0.389583 0.019531 0.040278
0 0.889844 0.416667 0.017188 0.019444
0 0.923047 0.415278 0.025781 0.044444
0 0.955078 0.376389 0.025781 0.047222
0 0.883594 0.481250 0.034375 0.054167
0 0.845703 0.502083 0.036719 0.062500
0 0.791016 0.527778 0.011719 0.022222
