0 0.973437 0.738194 0.053125 0.081944
0 0.937891 0.829861 0.052344 0.059722
0 0.970313 0.913194 0.039062 0.087500
0 0.850391 0.726389 0.038281 0.075000
0 0.800781 0.741667 0.034375 0.047222
0 0.845703 0.588889 0.028906 0.072222
0 0.759766 0.354167 0.013281 0.041667
0 0.741406 0.522222 0.023438 0.052778
0 0.708984 0.567361 0.047656 0.065278
0 0.650000 0.643750 0.020313 0.043056
0 0.626172 0.534028 0.039844 0.070833
0 0.585938 0.519444 0.032813 0.061111
0 0.593359 0.424306 0.021094 0.043056
0 0.608594 0.320139 0.034375 0.059722
0 0.628906 0.154167 0.021875 0.044444
0 0.517188 0.408333 0.017188 0.044444
0 0.470703 0.281250 0.014844 0.029167
0 0.533203 0.518750 0.019531 0.045833
0 0.498437 0.511111 0.029687 0.058333
0 0.416016 0.494444 0.024219 0.052778
0 0.393359 0.160417 0.017969 0.045833
0 0.439453 0.303472 0.014844 0.029167
0 0.412891 0.297917 0.035156 0.073611
0 0.409766 0.252083 0.027344 0.018056
0 0.362500 0.263194 0.051562 0.095833
0 0.455469 0.558333 0.026562 0.050000
0 0.434375 0.564583 0.015625 0.037500
0 0.544531 0.729861 0.045312 0.076389
0 0.500000 0.702083 0.025000 0.048611
0 0.482031 0.859722 0.050000 0.088889
0 0.294141 0.566667 0.063281 0.111111
0 0.328906 0.763889 0.054688 0.100000
0 0.278906 0.879861 0.028125 0.037500
0 0.233984 0.908333 0.055469 0.097222
0 0.237109 0.489583 0.024219 0.045833
0 0.267969 0.481250 0.037500 0.062500
0 0.264844 0.402083 0.054688 0.093056
0 0.236719 0.334722 0.034375 0.080556
0 0.228516 0.383333 0.016406 0.027778
0 0.205078 0.324306 0.025781 0.045833
0 0.228125 0.212500 0.029687 0.050000
0 0.228516 0.176389 0.022656 0.022222
0 0.126953 0.200000 0.027344 0.047222
0 0.129297 0.163194 0.028906 0.029167
0 0.086328 0.286111 0.032031 0.047222
0 0.082812 0.356250 0.026562 0.043056
0 0.098437 0.405556 0.032813 0.063889
0 0.128906 0.404861 0.028125 0.043056
0 0.175391 0.498611 0.035156 0.055556
0 0.212109 0.554861 0.025781 0.037500
0 0.121875 0.536111 0.020313 0.025000
0 0.107031 0.472222 0.028125 0.052778
0 0.052344 0.426389 0.045312 0.075000
0 0.060937 0.618750 0.042188 0.062500
0 0.116406 0.749306 0.048438 0.079167
0 0.159375 0.820139 0.042188 0.054167
0 0.051562 0.808333 0.054688 0.086111
0 0.012891 0.837500 0.024219 0.061111
