0 0.740234 0.021528 0.021094 0.040278
0 0.783594 0.025000 0.050000 0.047222
0 0.762109 0.139583 0.038281 0.068056
0 0.852734 0.115972 0.063281 0.106944
0 0.953125 0.058333 0.067187 0.111111
0 0.966797 0.243056 0.063281 0.102778
0 0.828125 0.216667 0.053125 0.102778
0 0.876563 0.377083 0.021875 0.026389
0 0.865234 0.468056 0.027344 0.050000
0 0.984375 0.609028 0.031250 0.081944
0 0.923047 0.636806 0.025781 0.026389
0 0.857031 0.520833 0.009375 0.022222
0 0.844922 0.575694 0.028906 0.048611
0 0.810156 0.597222 0.028125 0.050000
0 0.783984 0.656944 0.030469 0.050000
0 0.775391 0.561806 0.047656 0.081944
0 0.806641 0.485417 0.016406 0.034722
0 0.754687 0.281944 0.015625 0.019444
0 0.669531 0.287500 0.029687 0.075000
0 0.725000 0.344444 0.035937 0.083333
0 0.673047 0.408333 0.044531 0.086111
0 0.709375 0.651389 0.025000 0.047222
0 0.696094 0.670139 0.017188 0.034722
0 0.765625 0.738194 0.009375 0.020833
0 0.589844 0.572222 0.034375 0.061111
0 0.621484 0.573611 0.028906 0.044444
0 0.529687 0.250000 0.026562 0.047222
0 0.502344 0.300000 0.032813 0.055556
0 0.483594 0.263194 0.029687 0.054167
0 0.442188 0.319444 0.023438 0.038889
0 0.465234 0.354167 0.024219 0.041667
0 0.505469 0.440278 0.032813 0.066667
0 0.470703 0.424306 0.027344 0.048611
0 0.530859 0.647222 0.025781 0.044444
0 0.473438 0.617361 0.029687 0.048611
0 0.430469 0.536111 0.035937 0.061111
0 0.433984 0.630556 0.030469 0.052778
0 0.379297 0.514583 0.032031 0.056944
0 0.384766 0.565278 0.033594 0.044444
0 0.332031 0.417361 0.021875 0.043056
0 0.344141 0.511806 0.025781 0.045833
0 0.348047 0.597917 0.024219 0.043056
0 0.303125 0.488889 0.026562 0.044444
0 0.256641 0.364583 0.024219 0.031944
0 0.241016 0.372222 0.016406 0.036111
0 0.187109 0.438889 0.028906 0.047222
0 0.270313 0.583333 0.028125 0.050000
0 0.287109 0.588194 0.011719 0.031944
0 0.299219 0.648611 0.026562 0.047222
0 0.271094 0.688889 0.028125 0.047222
0 0.264453 0.720833 0.027344 0.033333
0 0.196094 0.547222 0.020313 0.036111
0 0.177734 0.558333 0.025781 0.047222
0 0.174219 0.654167 0.025000 0.044444
0 0.163281 0.504861 0.029687 0.048611
0 0.107031 0.513194 0.043750 0.062500
0 0.107813 0.425694 0.042188 0.068056
0 0.027344 0.254167 0.037500 0.063889
0 0.077734 0.150000 0.027344 0.069444
0 0.016797 0.064583 0.021094 0.023611
0 0.020313 0.417361 0.037500 0.076389
0 0.012109 0.602083 0.022656 0.059722
